9.990000000000000616e-03 9.990000000000000616e-03 9.990000000000000616e-03 9.990000000000000616e-03 9.990000000000000616e-03 9.990000000000000616e-03 9.990000000000000616e-03 9.990000000000000616e-03 9.990000000000000616e-03 9.990000000000000616e-03 9.990000000000000616e-03 9.990000000000000616e-03 9.990000000000000616e-03 9.990000000000000616e-03 9.990000000000000616e-03 9.990000000000000616e-03 9.990000000000000616e-03 9.990000000000000616e-03 9.990000000000000616e-03 9.990000000000000616e-03 9.990000000000000616e-03 9.990000000000000616e-03 9.990000000000000616e-03 9.990000000000000616e-03 9.990000000000000616e-03 9.990000000000000616e-03 9.990000000000000616e-03 9.990000000000000616e-03 9.990000000000000616e-03 9.990000000000000616e-03 9.990000000000000616e-03 9.990000000000000616e-03 9.990000000000000616e-03 9.990000000000000616e-03 9.990000000000000616e-03 9.990000000000000616e-03 9.990000000000000616e-03 9.990000000000000616e-03 9.990000000000000616e-03 9.990000000000000616e-03 9.990000000000000616e-03
9.990000000000000616e-03 9.990000000000000616e-03 9.990000000000000616e-03 9.990000000000000616e-03 9.990000000000000616e-03 9.990000000000000616e-03 9.990000000000000616e-03 9.990000000000000616e-03 9.990000000000000616e-03 9.990000000000000616e-03 9.990000000000000616e-03 9.990000000000000616e-03 9.990000000000000616e-03 9.990000000000000616e-03 9.990000000000000616e-03 9.990000000000000616e-03 9.990000000000000616e-03 9.990000000000000616e-03 9.990000000000000616e-03 9.990000000000000616e-03 9.990000000000000616e-03 9.990000000000000616e-03 9.990000000000000616e-03 9.990000000000000616e-03 9.990000000000000616e-03 9.990000000000000616e-03 9.990000000000000616e-03 9.990000000000000616e-03 9.990000000000000616e-03 9.990000000000000616e-03 9.990000000000000616e-03 9.990000000000000616e-03 9.990000000000000616e-03 9.990000000000000616e-03 9.990000000000000616e-03 9.990000000000000616e-03 9.990000000000000616e-03 9.990000000000000616e-03 9.990000000000000616e-03 9.990000000000000616e-03 9.990000000000000616e-03
9.990000000000000616e-03 9.990000000000000616e-03 9.990000000000000616e-03 9.990000000000000616e-03 9.990000000000000616e-03 9.990000000000000616e-03 9.990000000000000616e-03 9.990000000000000616e-03 9.990000000000000616e-03 9.990000000000000616e-03 9.990000000000000616e-03 9.990000000000000616e-03 9.990000000000000616e-03 9.990000000000000616e-03 9.990000000000000616e-03 9.990000000000000616e-03 9.990000000000000616e-03 9.990000000000000616e-03 9.990000000000000616e-03 9.990000000000000616e-03 9.990000000000000616e-03 9.990000000000000616e-03 9.990000000000000616e-03 9.990000000000000616e-03 9.990000000000000616e-03 9.990000000000000616e-03 9.990000000000000616e-03 9.990000000000000616e-03 9.990000000000000616e-03 9.990000000000000616e-03 9.990000000000000616e-03 9.990000000000000616e-03 9.990000000000000616e-03 9.990000000000000616e-03 9.990000000000000616e-03 9.990000000000000616e-03 9.990000000000000616e-03 9.990000000000000616e-03 9.990000000000000616e-03 9.990000000000000616e-03 9.990000000000000616e-03
9.990000000000000616e-03 9.990000000000000616e-03 9.990000000000000616e-03 9.990000000000000616e-03 9.990000000000000616e-03 9.990000000000000616e-03 9.990000000000000616e-03 9.990000000000000616e-03 9.990000000000000616e-03 9.990000000000000616e-03 9.990000000000000616e-03 9.990000000000000616e-03 9.990000000000000616e-03 9.990000000000000616e-03 9.990000000000000616e-03 9.990000000000000616e-03 9.990000000000000616e-03 9.990000000000000616e-03 9.990000000000000616e-03 9.990000000000000616e-03 9.990000000000000616e-03 9.990000000000000616e-03 9.990000000000000616e-03 9.990000000000000616e-03 9.990000000000000616e-03 9.990000000000000616e-03 9.990000000000000616e-03 9.990000000000000616e-03 9.990000000000000616e-03 9.990000000000000616e-03 9.990000000000000616e-03 9.990000000000000616e-03 9.990000000000000616e-03 9.990000000000000616e-03 9.990000000000000616e-03 9.990000000000000616e-03 9.990000000000000616e-03 9.990000000000000616e-03 9.990000000000000616e-03 9.990000000000000616e-03 9.990000000000000616e-03
9.990000000000000616e-03 9.990000000000000616e-03 9.990000000000000616e-03 9.990000000000000616e-03 9.990000000000000616e-03 9.990000000000000616e-03 9.990000000000000616e-03 9.990000000000000616e-03 9.990000000000000616e-03 9.990000000000000616e-03 9.990000000000000616e-03 9.990000000000000616e-03 9.990000000000000616e-03 9.990000000000000616e-03 9.990000000000000616e-03 9.990000000000000616e-03 9.990000000000000616e-03 9.990000000000000616e-03 9.990000000000000616e-03 9.990000000000000616e-03 9.990000000000000616e-03 9.990000000000000616e-03 9.990000000000000616e-03 9.990000000000000616e-03 9.990000000000000616e-03 9.990000000000000616e-03 9.990000000000000616e-03 9.990000000000000616e-03 9.990000000000000616e-03 9.990000000000000616e-03 9.990000000000000616e-03 9.990000000000000616e-03 9.990000000000000616e-03 9.990000000000000616e-03 9.990000000000000616e-03 9.990000000000000616e-03 9.990000000000000616e-03 9.990000000000000616e-03 9.990000000000000616e-03 9.990000000000000616e-03 9.990000000000000616e-03
9.990000000000000616e-03 9.990000000000000616e-03 9.990000000000000616e-03 9.990000000000000616e-03 9.990000000000000616e-03 9.990000000000000616e-03 9.990000000000000616e-03 9.990000000000000616e-03 9.990000000000000616e-03 9.990000000000000616e-03 9.990000000000000616e-03 9.990000000000000616e-03 9.990000000000000616e-03 9.990000000000000616e-03 9.990000000000000616e-03 9.990000000000000616e-03 9.990000000000000616e-03 9.990000000000000616e-03 9.990000000000000616e-03 9.990000000000000616e-03 9.990000000000000616e-03 9.990000000000000616e-03 9.990000000000000616e-03 9.990000000000000616e-03 9.990000000000000616e-03 9.990000000000000616e-03 9.990000000000000616e-03 9.990000000000000616e-03 9.990000000000000616e-03 9.990000000000000616e-03 9.990000000000000616e-03 9.990000000000000616e-03 9.990000000000000616e-03 9.990000000000000616e-03 9.990000000000000616e-03 9.990000000000000616e-03 9.990000000000000616e-03 9.990000000000000616e-03 9.990000000000000616e-03 9.990000000000000616e-03 9.990000000000000616e-03
9.990000000000000616e-03 9.990000000000000616e-03 9.990000000000000616e-03 9.990000000000000616e-03 9.990000000000000616e-03 9.990000000000000616e-03 9.990000000000000616e-03 9.990000000000000616e-03 9.990000000000000616e-03 9.990000000000000616e-03 9.990000000000000616e-03 9.990000000000000616e-03 9.990000000000000616e-03 9.990000000000000616e-03 9.990000000000000616e-03 9.990000000000000616e-03 9.990000000000000616e-03 9.990000000000000616e-03 9.990000000000000616e-03 9.990000000000000616e-03 9.990000000000000616e-03 9.990000000000000616e-03 9.990000000000000616e-03 9.990000000000000616e-03 9.990000000000000616e-03 9.990000000000000616e-03 9.990000000000000616e-03 9.990000000000000616e-03 9.990000000000000616e-03 9.990000000000000616e-03 9.990000000000000616e-03 9.990000000000000616e-03 9.990000000000000616e-03 9.990000000000000616e-03 9.990000000000000616e-03 9.990000000000000616e-03 9.990000000000000616e-03 9.990000000000000616e-03 9.990000000000000616e-03 9.990000000000000616e-03 9.990000000000000616e-03
9.990000000000000616e-03 9.990000000000000616e-03 9.990000000000000616e-03 9.990000000000000616e-03 9.990000000000000616e-03 9.990000000000000616e-03 9.990000000000000616e-03 9.990000000000000616e-03 9.990000000000000616e-03 9.990000000000000616e-03 9.990000000000000616e-03 9.990000000000000616e-03 9.990000000000000616e-03 9.990000000000000616e-03 9.990000000000000616e-03 9.990000000000000616e-03 9.990000000000000616e-03 9.990000000000000616e-03 9.990000000000000616e-03 9.990000000000000616e-03 9.990000000000000616e-03 9.990000000000000616e-03 9.990000000000000616e-03 9.990000000000000616e-03 9.990000000000000616e-03 9.990000000000000616e-03 9.990000000000000616e-03 9.990000000000000616e-03 9.990000000000000616e-03 9.990000000000000616e-03 9.990000000000000616e-03 9.990000000000000616e-03 9.990000000000000616e-03 9.990000000000000616e-03 9.990000000000000616e-03 9.990000000000000616e-03 9.990000000000000616e-03 9.990000000000000616e-03 9.990000000000000616e-03 9.990000000000000616e-03 9.990000000000000616e-03
9.990000000000000616e-03 9.990000000000000616e-03 9.990000000000000616e-03 9.990000000000000616e-03 9.990000000000000616e-03 9.990000000000000616e-03 9.990000000000000616e-03 9.990000000000000616e-03 9.990000000000000616e-03 9.990000000000000616e-03 9.990000000000000616e-03 9.990000000000000616e-03 9.990000000000000616e-03 9.990000000000000616e-03 9.990000000000000616e-03 9.990000000000000616e-03 9.990000000000000616e-03 9.990000000000000616e-03 9.990000000000000616e-03 9.990000000000000616e-03 9.990000000000000616e-03 9.990000000000000616e-03 9.990000000000000616e-03 9.990000000000000616e-03 9.990000000000000616e-03 9.990000000000000616e-03 9.990000000000000616e-03 9.990000000000000616e-03 9.990000000000000616e-03 9.990000000000000616e-03 9.990000000000000616e-03 9.990000000000000616e-03 9.990000000000000616e-03 9.990000000000000616e-03 9.990000000000000616e-03 9.990000000000000616e-03 9.990000000000000616e-03 9.990000000000000616e-03 9.990000000000000616e-03 9.990000000000000616e-03 9.990000000000000616e-03
9.990000000000000616e-03 9.990000000000000616e-03 9.990000000000000616e-03 9.990000000000000616e-03 9.990000000000000616e-03 9.990000000000000616e-03 9.990000000000000616e-03 9.990000000000000616e-03 9.990000000000000616e-03 9.990000000000000616e-03 9.990000000000000616e-03 9.990000000000000616e-03 9.990000000000000616e-03 9.990000000000000616e-03 9.990000000000000616e-03 9.990000000000000616e-03 9.990000000000000616e-03 9.990000000000000616e-03 9.990000000000000616e-03 9.990000000000000616e-03 9.990000000000000616e-03 9.990000000000000616e-03 9.990000000000000616e-03 9.990000000000000616e-03 9.990000000000000616e-03 9.990000000000000616e-03 9.990000000000000616e-03 9.990000000000000616e-03 9.990000000000000616e-03 9.990000000000000616e-03 9.990000000000000616e-03 9.990000000000000616e-03 9.990000000000000616e-03 9.990000000000000616e-03 9.990000000000000616e-03 9.990000000000000616e-03 9.990000000000000616e-03 9.990000000000000616e-03 9.990000000000000616e-03 9.990000000000000616e-03 9.990000000000000616e-03
9.990000000000000616e-03 9.990000000000000616e-03 9.990000000000000616e-03 9.990000000000000616e-03 9.990000000000000616e-03 9.990000000000000616e-03 9.990000000000000616e-03 9.990000000000000616e-03 9.990000000000000616e-03 9.990000000000000616e-03 1.525141515151515081e+00 1.777666767676767678e+00 2.030192020202020053e+00 2.282717272727272650e+00 2.282717272727272650e+00 9.990000000000000616e-03 9.990000000000000616e-03 9.990000000000000616e-03 9.990000000000000616e-03 9.990000000000000616e-03 9.990000000000000616e-03 9.990000000000000616e-03 9.990000000000000616e-03 9.990000000000000616e-03 9.990000000000000616e-03 9.990000000000000616e-03 9.990000000000000616e-03 9.990000000000000616e-03 9.990000000000000616e-03 9.990000000000000616e-03 9.990000000000000616e-03 9.990000000000000616e-03 9.990000000000000616e-03 9.990000000000000616e-03 9.990000000000000616e-03 9.990000000000000616e-03 9.990000000000000616e-03 9.990000000000000616e-03 9.990000000000000616e-03 9.990000000000000616e-03 9.990000000000000616e-03
9.990000000000000616e-03 9.990000000000000616e-03 9.990000000000000616e-03 9.990000000000000616e-03 9.990000000000000616e-03 9.990000000000000616e-03 9.990000000000000616e-03 9.990000000000000616e-03 9.990000000000000616e-03 1.525141515151515081e+00 1.777666767676767678e+00 2.030192020202020053e+00 2.282717272727272650e+00 2.282717272727272650e+00 2.535242525252525247e+00 2.787767777777777845e+00 3.040293030303029997e+00 3.292818282828282594e+00 3.292818282828282594e+00 9.990000000000000616e-03 9.990000000000000616e-03 9.990000000000000616e-03 9.990000000000000616e-03 9.990000000000000616e-03 9.990000000000000616e-03 9.990000000000000616e-03 9.990000000000000616e-03 9.990000000000000616e-03 9.990000000000000616e-03 9.990000000000000616e-03 9.990000000000000616e-03 9.990000000000000616e-03 9.990000000000000616e-03 9.990000000000000616e-03 9.990000000000000616e-03 9.990000000000000616e-03 9.990000000000000616e-03 9.990000000000000616e-03 9.990000000000000616e-03 9.990000000000000616e-03 9.990000000000000616e-03
9.990000000000000616e-03 9.990000000000000616e-03 9.990000000000000616e-03 9.990000000000000616e-03 9.990000000000000616e-03 9.990000000000000616e-03 9.990000000000000616e-03 9.990000000000000616e-03 1.525141515151515081e+00 1.777666767676767678e+00 2.030192020202020053e+00 2.030192020202020053e+00 2.282717272727272650e+00 2.535242525252525247e+00 2.787767777777777845e+00 3.040293030303029997e+00 3.292818282828282594e+00 3.292818282828282594e+00 3.545343535353535191e+00 3.797868787878787789e+00 4.050394040404040830e+00 4.302919292929293427e+00 4.302919292929293427e+00 9.990000000000000616e-03 9.990000000000000616e-03 9.990000000000000616e-03 9.990000000000000616e-03 9.990000000000000616e-03 9.990000000000000616e-03 9.990000000000000616e-03 9.990000000000000616e-03 9.990000000000000616e-03 9.990000000000000616e-03 9.990000000000000616e-03 9.990000000000000616e-03 9.990000000000000616e-03 9.990000000000000616e-03 9.990000000000000616e-03 9.990000000000000616e-03 9.990000000000000616e-03 9.990000000000000616e-03
9.990000000000000616e-03 9.990000000000000616e-03 9.990000000000000616e-03 9.990000000000000616e-03 9.990000000000000616e-03 9.990000000000000616e-03 9.990000000000000616e-03 1.272616262626262706e+00 1.525141515151515081e+00 1.777666767676767678e+00 2.030192020202020053e+00 2.282717272727272650e+00 2.535242525252525247e+00 2.787767777777777845e+00 3.040293030303029997e+00 3.292818282828282594e+00 3.545343535353535191e+00 3.545343535353535191e+00 3.797868787878787789e+00 4.050394040404040830e+00 4.302919292929293427e+00 4.555444545454546024e+00 4.807969797979798621e+00 4.807969797979798621e+00 5.060495050505051218e+00 5.313020303030303815e+00 5.565545555555556412e+00 5.818070808080809009e+00 5.818070808080809009e+00 9.990000000000000616e-03 9.990000000000000616e-03 9.990000000000000616e-03 9.990000000000000616e-03 9.990000000000000616e-03 9.990000000000000616e-03 9.990000000000000616e-03 9.990000000000000616e-03 9.990000000000000616e-03 9.990000000000000616e-03 9.990000000000000616e-03 9.990000000000000616e-03
9.990000000000000616e-03 9.990000000000000616e-03 9.990000000000000616e-03 9.990000000000000616e-03 9.990000000000000616e-03 9.990000000000000616e-03 1.272616262626262706e+00 1.525141515151515081e+00 1.777666767676767678e+00 2.030192020202020053e+00 2.282717272727272650e+00 2.535242525252525247e+00 2.787767777777777845e+00 3.040293030303029997e+00 3.292818282828282594e+00 3.545343535353535191e+00 3.545343535353535191e+00 3.797868787878787789e+00 4.050394040404040830e+00 4.302919292929293427e+00 4.555444545454546024e+00 4.807969797979798621e+00 5.060495050505051218e+00 5.313020303030303815e+00 5.565545555555556412e+00 5.565545555555556412e+00 5.818070808080809009e+00 6.070596060606060718e+00 6.323121313131313315e+00 6.575646565656565912e+00 6.828171818181818509e+00 7.080697070707071106e+00 7.080697070707071106e+00 7.333222323232323703e+00 7.585747575757576300e+00 7.838272828282828897e+00 8.090798080808081494e+00 9.990000000000000616e-03 9.990000000000000616e-03 9.990000000000000616e-03 9.990000000000000616e-03
9.990000000000000616e-03 9.990000000000000616e-03 9.990000000000000616e-03 9.990000000000000616e-03 9.990000000000000616e-03 1.020091010101010109e+00 1.272616262626262706e+00 1.525141515151515081e+00 1.777666767676767678e+00 2.030192020202020053e+00 2.282717272727272650e+00 2.535242525252525247e+00 2.787767777777777845e+00 3.040293030303029997e+00 3.292818282828282594e+00 3.545343535353535191e+00 3.797868787878787789e+00 4.050394040404040830e+00 4.302919292929293427e+00 4.555444545454546024e+00 4.807969797979798621e+00 5.060495050505051218e+00 5.313020303030303815e+00 5.565545555555556412e+00 5.818070808080809009e+00 6.070596060606060718e+00 6.323121313131313315e+00 6.575646565656565912e+00 6.828171818181818509e+00 7.080697070707071106e+00 7.080697070707071106e+00 7.333222323232323703e+00 7.585747575757576300e+00 7.838272828282828897e+00 8.090798080808081494e+00 8.343323333333334091e+00 8.595848585858586688e+00 8.848373838383839285e+00 9.100899090909091882e+00 9.353424343434344479e+00 9.605949595959597076e+00
9.990000000000000616e-03 9.990000000000000616e-03 9.990000000000000616e-03 9.990000000000000616e-03 7.675657575757576234e-01 1.020091010101010109e+00 1.272616262626262706e+00 1.525141515151515081e+00 2.030192020202020053e+00 2.282717272727272650e+00 2.535242525252525247e+00 2.787767777777777845e+00 3.040293030303029997e+00 3.292818282828282594e+00 3.545343535353535191e+00 3.797868787878787789e+00 4.050394040404040830e+00 4.302919292929293427e+00 4.555444545454546024e+00 4.807969797979798621e+00 5.060495050505051218e+00 5.313020303030303815e+00 5.565545555555556412e+00 5.818070808080809009e+00 6.070596060606060718e+00 6.323121313131313315e+00 6.575646565656565912e+00 6.828171818181818509e+00 7.080697070707071106e+00 7.333222323232323703e+00 7.585747575757576300e+00 7.838272828282828897e+00 8.090798080808081494e+00 8.343323333333334091e+00 8.595848585858586688e+00 8.848373838383839285e+00 9.100899090909091882e+00 9.353424343434344479e+00 9.605949595959597076e+00 9.858474848484849673e+00 1.011100010101010227e+01
9.990000000000000616e-03 9.990000000000000616e-03 9.990000000000000616e-03 5.150405050505051374e-01 7.675657575757576234e-01 1.020091010101010109e+00 1.525141515151515081e+00 1.777666767676767678e+00 2.030192020202020053e+00 2.282717272727272650e+00 2.535242525252525247e+00 3.040293030303029997e+00 3.292818282828282594e+00 3.545343535353535191e+00 3.797868787878787789e+00 4.050394040404040830e+00 4.302919292929293427e+00 4.555444545454546024e+00 4.807969797979798621e+00 5.060495050505051218e+00 5.313020303030303815e+00 5.565545555555556412e+00 6.070596060606060718e+00 6.323121313131313315e+00 6.575646565656565912e+00 6.828171818181818509e+00 7.080697070707071106e+00 7.333222323232323703e+00 7.585747575757576300e+00 7.838272828282828897e+00 8.090798080808081494e+00 8.343323333333334091e+00 8.595848585858586688e+00 8.848373838383839285e+00 9.100899090909091882e+00 9.353424343434344479e+00 9.605949595959597076e+00 9.858474848484849673e+00 1.011100010101010227e+01 1.036352535353535487e+01 1.061605060606060746e+01
9.990000000000000616e-03 9.990000000000000616e-03 2.625152525252525404e-01 5.150405050505051374e-01 7.675657575757576234e-01 1.272616262626262706e+00 1.525141515151515081e+00 1.777666767676767678e+00 2.030192020202020053e+00 2.535242525252525247e+00 2.787767777777777845e+00 3.040293030303029997e+00 3.292818282828282594e+00 3.797868787878787789e+00 4.050394040404040830e+00 4.302919292929293427e+00 4.555444545454546024e+00 4.807969797979798621e+00 5.060495050505051218e+00 5.313020303030303815e+00 5.818070808080809009e+00 6.070596060606060718e+00 6.323121313131313315e+00 6.575646565656565912e+00 6.828171818181818509e+00 7.080697070707071106e+00 7.333222323232323703e+00 7.585747575757576300e+00 7.838272828282828897e+00 8.090798080808081494e+00 8.595848585858586688e+00 8.848373838383839285e+00 9.100899090909091882e+00 9.353424343434344479e+00 9.605949595959597076e+00 9.858474848484849673e+00 1.011100010101010227e+01 1.036352535353535487e+01 1.061605060606060746e+01 1.086857585858586006e+01 1.112110111111111266e+01
9.990000000000000616e-03 9.990000000000000616e-03 2.625152525252525404e-01 5.150405050505051374e-01 1.020091010101010109e+00 1.272616262626262706e+00 1.525141515151515081e+00 2.030192020202020053e+00 2.282717272727272650e+00 2.535242525252525247e+00 3.040293030303029997e+00 3.292818282828282594e+00 3.545343535353535191e+00 3.797868787878787789e+00 4.302919292929293427e+00 4.555444545454546024e+00 4.807969797979798621e+00 5.060495050505051218e+00 5.313020303030303815e+00 5.565545555555556412e+00 6.070596060606060718e+00 6.323121313131313315e+00 6.575646565656565912e+00 6.828171818181818509e+00 7.080697070707071106e+00 7.333222323232323703e+00 7.838272828282828897e+00 8.090798080808081494e+00 8.343323333333334091e+00 8.595848585858586688e+00 8.848373838383839285e+00 9.100899090909091882e+00 9.605949595959597076e+00 9.858474848484849673e+00 1.011100010101010227e+01 1.036352535353535487e+01 1.061605060606060746e+01 1.086857585858586006e+01 1.112110111111111266e+01 1.162615161616161785e+01 1.187867686868687045e+01
9.990000000000000616e-03 9.990000000000000616e-03 5.150405050505051374e-01 7.675657575757576234e-01 1.020091010101010109e+00 1.272616262626262706e+00 1.777666767676767678e+00 2.030192020202020053e+00 2.282717272727272650e+00 2.787767777777777845e+00 3.040293030303029997e+00 3.292818282828282594e+00 3.797868787878787789e+00 4.050394040404040830e+00 4.302919292929293427e+00 4.807969797979798621e+00 5.060495050505051218e+00 5.313020303030303815e+00 5.565545555555556412e+00 6.070596060606060718e+00 6.323121313131313315e+00 6.575646565656565912e+00 6.828171818181818509e+00 7.080697070707071106e+00 7.585747575757576300e+00 7.838272828282828897e+00 8.090798080808081494e+00 8.343323333333334091e+00 8.848373838383839285e+00 9.100899090909091882e+00 9.353424343434344479e+00 9.605949595959597076e+00 9.858474848484849673e+00 1.036352535353535487e+01 1.061605060606060746e+01 1.086857585858586006e+01 1.112110111111111266e+01 1.137362636363636526e+01 1.187867686868687045e+01 1.213120212121212127e+01 1.238372737373737387e+01
9.990000000000000616e-03 2.625152525252525404e-01 5.150405050505051374e-01 7.675657575757576234e-01 1.020091010101010109e+00 1.525141515151515081e+00 1.777666767676767678e+00 2.030192020202020053e+00 2.535242525252525247e+00 2.787767777777777845e+00 3.292818282828282594e+00 3.545343535353535191e+00 3.797868787878787789e+00 4.302919292929293427e+00 4.555444545454546024e+00 4.807969797979798621e+00 5.313020303030303815e+00 5.565545555555556412e+00 5.818070808080809009e+00 6.323121313131313315e+00 6.575646565656565912e+00 6.828171818181818509e+00 7.080697070707071106e+00 7.585747575757576300e+00 7.838272828282828897e+00 8.090798080808081494e+00 8.595848585858586688e+00 8.848373838383839285e+00 9.100899090909091882e+00 9.353424343434344479e+00 9.858474848484849673e+00 1.011100010101010227e+01 1.036352535353535487e+01 1.061605060606060746e+01 1.112110111111111266e+01 1.137362636363636526e+01 1.162615161616161785e+01 1.213120212121212127e+01 1.238372737373737387e+01 1.263625262626262646e+01 1.288877787878787906e+01
9.990000000000000616e-03 2.625152525252525404e-01 5.150405050505051374e-01 7.675657575757576234e-01 1.020091010101010109e+00 1.525141515151515081e+00 1.777666767676767678e+00 2.282717272727272650e+00 2.535242525252525247e+00 3.040293030303029997e+00 3.292818282828282594e+00 3.797868787878787789e+00 4.050394040404040830e+00 4.302919292929293427e+00 4.807969797979798621e+00 5.060495050505051218e+00 5.565545555555556412e+00 5.818070808080809009e+00 6.070596060606060718e+00 6.575646565656565912e+00 6.828171818181818509e+00 7.080697070707071106e+00 7.585747575757576300e+00 7.838272828282828897e+00 8.090798080808081494e+00 8.595848585858586688e+00 8.848373838383839285e+00 9.100899090909091882e+00 9.605949595959597076e+00 9.858474848484849673e+00 1.011100010101010227e+01 1.061605060606060746e+01 1.086857585858586006e+01 1.112110111111111266e+01 1.162615161616161785e+01 1.187867686868687045e+01 1.213120212121212127e+01 1.263625262626262646e+01 1.288877787878787906e+01 1.314130313131313166e+01 1.364635363636363685e+01
9.990000000000000616e-03 2.625152525252525404e-01 5.150405050505051374e-01 7.675657575757576234e-01 1.272616262626262706e+00 1.525141515151515081e+00 2.030192020202020053e+00 2.282717272727272650e+00 2.787767777777777845e+00 3.040293030303029997e+00 3.545343535353535191e+00 3.797868787878787789e+00 4.302919292929293427e+00 4.555444545454546024e+00 5.060495050505051218e+00 5.313020303030303815e+00 5.565545555555556412e+00 6.070596060606060718e+00 6.323121313131313315e+00 6.828171818181818509e+00 7.080697070707071106e+00 7.585747575757576300e+00 7.838272828282828897e+00 8.090798080808081494e+00 8.595848585858586688e+00 8.848373838383839285e+00 9.100899090909091882e+00 9.605949595959597076e+00 9.858474848484849673e+00 1.036352535353535487e+01 1.061605060606060746e+01 1.086857585858586006e+01 1.137362636363636526e+01 1.162615161616161785e+01 1.213120212121212127e+01 1.238372737373737387e+01 1.263625262626262646e+01 1.314130313131313166e+01 1.339382838383838426e+01 1.364635363636363685e+01 1.415140414141414205e+01
9.990000000000000616e-03 2.625152525252525404e-01 5.150405050505051374e-01 7.675657575757576234e-01 1.272616262626262706e+00 1.525141515151515081e+00 2.030192020202020053e+00 2.282717272727272650e+00 2.787767777777777845e+00 3.292818282828282594e+00 3.545343535353535191e+00 4.050394040404040830e+00 4.302919292929293427e+00 4.807969797979798621e+00 5.060495050505051218e+00 5.565545555555556412e+00 5.818070808080809009e+00 6.323121313131313315e+00 6.575646565656565912e+00 7.080697070707071106e+00 7.333222323232323703e+00 7.838272828282828897e+00 8.090798080808081494e+00 8.595848585858586688e+00 8.848373838383839285e+00 9.353424343434344479e+00 9.605949595959597076e+00 9.858474848484849673e+00 1.036352535353535487e+01 1.061605060606060746e+01 1.112110111111111266e+01 1.137362636363636526e+01 1.187867686868687045e+01 1.213120212121212127e+01 1.263625262626262646e+01 1.288877787878787906e+01 1.314130313131313166e+01 1.364635363636363685e+01 1.389887888888888945e+01 1.440392939393939464e+01 1.465645464646464724e+01
9.990000000000000616e-03 2.625152525252525404e-01 5.150405050505051374e-01 7.675657575757576234e-01 1.272616262626262706e+00 1.777666767676767678e+00 2.030192020202020053e+00 2.535242525252525247e+00 2.787767777777777845e+00 3.292818282828282594e+00 3.797868787878787789e+00 4.050394040404040830e+00 4.555444545454546024e+00 4.807969797979798621e+00 5.313020303030303815e+00 5.818070808080809009e+00 6.070596060606060718e+00 6.575646565656565912e+00 6.828171818181818509e+00 7.333222323232323703e+00 7.585747575757576300e+00 8.090798080808081494e+00 8.343323333333334091e+00 8.848373838383839285e+00 9.100899090909091882e+00 9.605949595959597076e+00 9.858474848484849673e+00 1.036352535353535487e+01 1.061605060606060746e+01 1.112110111111111266e+01 1.137362636363636526e+01 1.187867686868687045e+01 1.213120212121212127e+01 1.263625262626262646e+01 1.288877787878787906e+01 1.339382838383838426e+01 1.364635363636363685e+01 1.415140414141414205e+01 1.440392939393939464e+01 1.490897989898989984e+01 1.516150515151515243e+01
9.990000000000000616e-03 2.625152525252525404e-01 5.150405050505051374e-01 1.020091010101010109e+00 1.272616262626262706e+00 1.777666767676767678e+00 2.030192020202020053e+00 2.535242525252525247e+00 3.040293030303029997e+00 3.545343535353535191e+00 3.797868787878787789e+00 4.302919292929293427e+00 4.807969797979798621e+00 5.060495050505051218e+00 5.565545555555556412e+00 5.818070808080809009e+00 6.323121313131313315e+00 6.828171818181818509e+00 7.080697070707071106e+00 7.585747575757576300e+00 7.838272828282828897e+00 8.343323333333334091e+00 8.848373838383839285e+00 9.100899090909091882e+00 9.605949595959597076e+00 9.858474848484849673e+00 1.036352535353535487e+01 1.061605060606060746e+01 1.112110111111111266e+01 1.162615161616161785e+01 1.187867686868687045e+01 1.238372737373737387e+01 1.263625262626262646e+01 1.314130313131313166e+01 1.339382838383838426e+01 1.389887888888888945e+01 1.415140414141414205e+01 1.465645464646464724e+01 1.516150515151515243e+01 1.541403040404040503e+01 1.591908090909091023e+01
9.990000000000000616e-03 2.625152525252525404e-01 5.150405050505051374e-01 1.020091010101010109e+00 1.272616262626262706e+00 1.777666767676767678e+00 2.282717272727272650e+00 2.535242525252525247e+00 3.040293030303029997e+00 3.545343535353535191e+00 4.050394040404040830e+00 4.302919292929293427e+00 4.807969797979798621e+00 5.313020303030303815e+00 5.818070808080809009e+00 6.070596060606060718e+00 6.575646565656565912e+00 7.080697070707071106e+00 7.333222323232323703e+00 7.838272828282828897e+00 8.343323333333334091e+00 8.595848585858586688e+00 9.100899090909091882e+00 9.353424343434344479e+00 9.858474848484849673e+00 1.036352535353535487e+01 1.061605060606060746e+01 1.112110111111111266e+01 1.162615161616161785e+01 1.187867686868687045e+01 1.238372737373737387e+01 1.263625262626262646e+01 1.314130313131313166e+01 1.364635363636363685e+01 1.389887888888888945e+01 1.440392939393939464e+01 1.490897989898989984e+01 1.516150515151515243e+01 1.566655565656565763e+01 1.591908090909091023e+01 1.642413141414141720e+01
9.990000000000000616e-03 2.625152525252525404e-01 5.150405050505051374e-01 1.020091010101010109e+00 1.525141515151515081e+00 1.777666767676767678e+00 2.282717272727272650e+00 2.787767777777777845e+00 3.292818282828282594e+00 3.545343535353535191e+00 4.050394040404040830e+00 4.555444545454546024e+00 5.060495050505051218e+00 5.565545555555556412e+00 5.818070808080809009e+00 6.323121313131313315e+00 6.828171818181818509e+00 7.080697070707071106e+00 7.585747575757576300e+00 8.090798080808081494e+00 8.595848585858586688e+00 8.848373838383839285e+00 9.353424343434344479e+00 9.858474848484849673e+00 1.011100010101010227e+01 1.061605060606060746e+01 1.112110111111111266e+01 1.137362636363636526e+01 1.187867686868687045e+01 1.238372737373737387e+01 1.288877787878787906e+01 1.314130313131313166e+01 1.364635363636363685e+01 1.415140414141414205e+01 1.440392939393939464e+01 1.490897989898989984e+01 1.541403040404040503e+01 1.566655565656565763e+01 1.617160616161616460e+01 1.667665666666666979e+01 1.692918191919192239e+01
9.990000000000000616e-03 2.625152525252525404e-01 5.150405050505051374e-01 1.020091010101010109e+00 1.525141515151515081e+00 1.777666767676767678e+00 2.282717272727272650e+00 2.787767777777777845e+00 3.292818282828282594e+00 3.797868787878787789e+00 4.302919292929293427e+00 4.807969797979798621e+00 5.060495050505051218e+00 5.565545555555556412e+00 6.070596060606060718e+00 6.575646565656565912e+00 7.080697070707071106e+00 7.333222323232323703e+00 7.838272828282828897e+00 8.343323333333334091e+00 8.848373838383839285e+00 9.100899090909091882e+00 9.605949595959597076e+00 1.011100010101010227e+01 1.061605060606060746e+01 1.112110111111111266e+01 1.137362636363636526e+01 1.187867686868687045e+01 1.238372737373737387e+01 1.263625262626262646e+01 1.314130313131313166e+01 1.364635363636363685e+01 1.415140414141414205e+01 1.440392939393939464e+01 1.490897989898989984e+01 1.541403040404040503e+01 1.591908090909091023e+01 1.617160616161616460e+01 1.667665666666666979e+01 1.718170717171717499e+01 1.768675767676768018e+01
9.990000000000000616e-03 2.625152525252525404e-01 7.675657575757576234e-01 1.020091010101010109e+00 1.525141515151515081e+00 2.030192020202020053e+00 2.535242525252525247e+00 3.040293030303029997e+00 3.292818282828282594e+00 3.797868787878787789e+00 4.302919292929293427e+00 4.807969797979798621e+00 5.313020303030303815e+00 5.818070808080809009e+00 6.323121313131313315e+00 6.828171818181818509e+00 7.333222323232323703e+00 7.585747575757576300e+00 8.090798080808081494e+00 8.595848585858586688e+00 9.100899090909091882e+00 9.605949595959597076e+00 9.858474848484849673e+00 1.036352535353535487e+01 1.086857585858586006e+01 1.137362636363636526e+01 1.187867686868687045e+01 1.238372737373737387e+01 1.263625262626262646e+01 1.314130313131313166e+01 1.364635363636363685e+01 1.415140414141414205e+01 1.465645464646464724e+01 1.490897989898989984e+01 1.541403040404040503e+01 1.591908090909091023e+01 1.642413141414141720e+01 1.667665666666666979e+01 1.718170717171717499e+01 1.768675767676768018e+01 1.819180818181818537e+01
9.990000000000000616e-03 2.625152525252525404e-01 7.675657575757576234e-01 1.020091010101010109e+00 1.525141515151515081e+00 2.030192020202020053e+00 2.535242525252525247e+00 3.040293030303029997e+00 3.545343535353535191e+00 4.050394040404040830e+00 4.555444545454546024e+00 5.060495050505051218e+00 5.565545555555556412e+00 6.070596060606060718e+00 6.575646565656565912e+00 6.828171818181818509e+00 7.333222323232323703e+00 7.838272828282828897e+00 8.343323333333334091e+00 8.848373838383839285e+00 9.353424343434344479e+00 9.858474848484849673e+00 1.036352535353535487e+01 1.086857585858586006e+01 1.112110111111111266e+01 1.162615161616161785e+01 1.213120212121212127e+01 1.263625262626262646e+01 1.314130313131313166e+01 1.364635363636363685e+01 1.415140414141414205e+01 1.440392939393939464e+01 1.490897989898989984e+01 1.541403040404040503e+01 1.591908090909091023e+01 1.642413141414141720e+01 1.692918191919192239e+01 1.743423242424242758e+01 1.768675767676768018e+01 1.819180818181818537e+01 1.869685868686869057e+01
9.990000000000000616e-03 2.625152525252525404e-01 7.675657575757576234e-01 1.020091010101010109e+00 1.525141515151515081e+00 2.030192020202020053e+00 2.535242525252525247e+00 3.040293030303029997e+00 3.545343535353535191e+00 4.050394040404040830e+00 4.555444545454546024e+00 5.060495050505051218e+00 5.565545555555556412e+00 6.070596060606060718e+00 6.575646565656565912e+00 7.080697070707071106e+00 7.585747575757576300e+00 8.090798080808081494e+00 8.595848585858586688e+00 9.100899090909091882e+00 9.605949595959597076e+00 1.011100010101010227e+01 1.061605060606060746e+01 1.112110111111111266e+01 1.162615161616161785e+01 1.213120212121212127e+01 1.263625262626262646e+01 1.314130313131313166e+01 1.339382838383838426e+01 1.389887888888888945e+01 1.440392939393939464e+01 1.490897989898989984e+01 1.541403040404040503e+01 1.591908090909091023e+01 1.642413141414141720e+01 1.692918191919192239e+01 1.743423242424242758e+01 1.793928292929293278e+01 1.844433343434343797e+01 1.894938393939394317e+01 1.920190919191919576e+01
9.990000000000000616e-03 2.625152525252525404e-01 7.675657575757576234e-01 1.272616262626262706e+00 1.525141515151515081e+00 2.030192020202020053e+00 2.535242525252525247e+00 3.292818282828282594e+00 3.797868787878787789e+00 4.302919292929293427e+00 4.807969797979798621e+00 5.313020303030303815e+00 5.818070808080809009e+00 6.323121313131313315e+00 6.828171818181818509e+00 7.333222323232323703e+00 7.838272828282828897e+00 8.343323333333334091e+00 8.848373838383839285e+00 9.353424343434344479e+00 9.858474848484849673e+00 1.036352535353535487e+01 1.086857585858586006e+01 1.137362636363636526e+01 1.187867686868687045e+01 1.238372737373737387e+01 1.288877787878787906e+01 1.339382838383838426e+01 1.389887888888888945e+01 1.440392939393939464e+01 1.490897989898989984e+01 1.541403040404040503e+01 1.591908090909091023e+01 1.642413141414141720e+01 1.692918191919192239e+01 1.743423242424242758e+01 1.793928292929293278e+01 1.844433343434343797e+01 1.894938393939394317e+01 1.945443444444444836e+01 1.995948494949495355e+01
9.990000000000000616e-03 2.625152525252525404e-01 7.675657575757576234e-01 1.272616262626262706e+00 1.777666767676767678e+00 2.282717272727272650e+00 2.787767777777777845e+00 3.292818282828282594e+00 3.797868787878787789e+00 4.302919292929293427e+00 4.807969797979798621e+00 5.313020303030303815e+00 6.070596060606060718e+00 6.575646565656565912e+00 7.080697070707071106e+00 7.585747575757576300e+00 8.090798080808081494e+00 8.595848585858586688e+00 9.100899090909091882e+00 9.605949595959597076e+00 1.011100010101010227e+01 1.061605060606060746e+01 1.112110111111111266e+01 1.162615161616161785e+01 1.213120212121212127e+01 1.263625262626262646e+01 1.339382838383838426e+01 1.389887888888888945e+01 1.440392939393939464e+01 1.490897989898989984e+01 1.541403040404040503e+01 1.591908090909091023e+01 1.642413141414141720e+01 1.692918191919192239e+01 1.743423242424242758e+01 1.793928292929293278e+01 1.844433343434343797e+01 1.894938393939394317e+01 1.945443444444444836e+01 1.995948494949495355e+01 2.046453545454545875e+01
9.990000000000000616e-03 2.625152525252525404e-01 7.675657575757576234e-01 1.272616262626262706e+00 1.777666767676767678e+00 2.282717272727272650e+00 2.787767777777777845e+00 3.292818282828282594e+00 3.797868787878787789e+00 4.555444545454546024e+00 5.060495050505051218e+00 5.565545555555556412e+00 6.070596060606060718e+00 6.575646565656565912e+00 7.333222323232323703e+00 7.838272828282828897e+00 8.343323333333334091e+00 8.848373838383839285e+00 9.353424343434344479e+00 9.858474848484849673e+00 1.036352535353535487e+01 1.086857585858586006e+01 1.162615161616161785e+01 1.213120212121212127e+01 1.263625262626262646e+01 1.314130313131313166e+01 1.364635363636363685e+01 1.415140414141414205e+01 1.465645464646464724e+01 1.516150515151515243e+01 1.566655565656565763e+01 1.617160616161616460e+01 1.692918191919192239e+01 1.743423242424242758e+01 1.793928292929293278e+01 1.844433343434343797e+01 1.894938393939394317e+01 1.945443444444444836e+01 1.995948494949495355e+01 2.046453545454545875e+01 2.096958595959596394e+01
9.990000000000000616e-03 2.625152525252525404e-01 7.675657575757576234e-01 1.272616262626262706e+00 1.777666767676767678e+00 2.282717272727272650e+00 2.787767777777777845e+00 3.545343535353535191e+00 4.050394040404040830e+00 4.555444545454546024e+00 5.060495050505051218e+00 5.818070808080809009e+00 6.323121313131313315e+00 6.828171818181818509e+00 7.333222323232323703e+00 7.838272828282828897e+00 8.595848585858586688e+00 9.100899090909091882e+00 9.605949595959597076e+00 1.011100010101010227e+01 1.061605060606060746e+01 1.137362636363636526e+01 1.187867686868687045e+01 1.238372737373737387e+01 1.288877787878787906e+01 1.339382838383838426e+01 1.389887888888888945e+01 1.465645464646464724e+01 1.516150515151515243e+01 1.566655565656565763e+01 1.617160616161616460e+01 1.667665666666666979e+01 1.718170717171717499e+01 1.768675767676768018e+01 1.844433343434343797e+01 1.894938393939394317e+01 1.945443444444444836e+01 1.995948494949495355e+01 2.046453545454545875e+01 2.096958595959596394e+01 2.172716171717172173e+01
9.990000000000000616e-03 2.625152525252525404e-01 7.675657575757576234e-01 1.272616262626262706e+00 1.777666767676767678e+00 2.282717272727272650e+00 3.040293030303029997e+00 3.545343535353535191e+00 4.050394040404040830e+00 4.807969797979798621e+00 5.313020303030303815e+00 5.818070808080809009e+00 6.323121313131313315e+00 7.080697070707071106e+00 7.585747575757576300e+00 8.090798080808081494e+00 8.848373838383839285e+00 9.353424343434344479e+00 9.858474848484849673e+00 1.036352535353535487e+01 1.112110111111111266e+01 1.162615161616161785e+01 1.213120212121212127e+01 1.263625262626262646e+01 1.314130313131313166e+01 1.389887888888888945e+01 1.440392939393939464e+01 1.490897989898989984e+01 1.541403040404040503e+01 1.617160616161616460e+01 1.667665666666666979e+01 1.718170717171717499e+01 1.768675767676768018e+01 1.819180818181818537e+01 1.894938393939394317e+01 1.945443444444444836e+01 1.995948494949495355e+01 2.046453545454545875e+01 2.096958595959596394e+01 2.172716171717172173e+01 2.223221222222222693e+01
9.990000000000000616e-03 5.150405050505051374e-01 7.675657575757576234e-01 1.272616262626262706e+00 1.777666767676767678e+00 2.535242525252525247e+00 3.040293030303029997e+00 3.545343535353535191e+00 4.302919292929293427e+00 4.807969797979798621e+00 5.313020303030303815e+00 6.070596060606060718e+00 6.575646565656565912e+00 7.080697070707071106e+00 7.838272828282828897e+00 8.343323333333334091e+00 8.848373838383839285e+00 9.605949595959597076e+00 1.011100010101010227e+01 1.061605060606060746e+01 1.137362636363636526e+01 1.187867686868687045e+01 1.238372737373737387e+01 1.288877787878787906e+01 1.364635363636363685e+01 1.415140414141414205e+01 1.465645464646464724e+01 1.541403040404040503e+01 1.591908090909091023e+01 1.642413141414141720e+01 1.692918191919192239e+01 1.768675767676768018e+01 1.819180818181818537e+01 1.869685868686869057e+01 1.920190919191919576e+01 1.995948494949495355e+01 2.046453545454545875e+01 2.096958595959596394e+01 2.172716171717172173e+01 2.223221222222222693e+01 2.273726272727273212e+01
