4.031172056672923699e-03 1.036388246342159064e-01 1.904477666615621290e-01 2.022580081251584838e-01 4.027074983872547080e-03 1.034857030613781509e-01 1.901601053041249711e-01 2.019513451730149123e-01
9.253637711860742928e-05 6.116411989321290932e-02 2.065396999009593282e-01 2.329502749786594717e-01 9.239809357237493796e-05 6.098557197200139834e-02 2.059231677039893293e-01 2.322522310804866486e-01
2.014582981971504589e-06 3.423373722847220663e-02 2.124293543771398340e-01 2.544509398882452977e-01 2.009396922612490198e-06 3.408469850054108435e-02 2.114835637269196211e-01 2.533136822987773207e-01
4.268643479743558344e-08 1.863676434724530900e-02 2.125123314567703703e-01 2.703357680227806981e-01 4.252193258010723623e-08 1.852898456563612656e-02 2.112554103148084339e-01 2.687306560843916725e-01
8.918762632912175634e-10 9.984654574502642432e-03 2.092184944938622893e-01 2.826501969341297937e-01 8.871174991039440516e-10 9.912673491089631084e-03 2.076758892751158769e-01 2.805580894523059254e-01
1.847609272455524446e-11 5.300427544327457156e-03 2.040945161897532723e-01 2.928265160763718900e-01 1.836581950562848657e-11 5.254672178162494468e-03 2.022926353757460438e-01 2.902312325987969066e-01
3.807136311804701546e-13 2.798793115039464874e-03 1.980362237111353008e-01 3.017543544837483771e-01 3.782007772357530624e-13 2.770656714755072216e-03 1.960001180638215323e-01 2.986398539107413264e-01
7.819487037410677006e-15 1.473068840553457036e-03 1.915359448044848256e-01 3.099481460043849723e-01 7.762940266233948684e-15 1.456170753332626001e-03 1.892888725192347354e-01 3.062977970779938719e-01
1.602653938824285257e-16 7.736744900640245368e-04 1.848582887223078064e-01 3.176929138320112589e-01 1.590053698014752297e-16 7.637038298094687679e-04 1.824218746948698677e-01 3.134895444309372947e-01
3.279793548487391935e-18 4.057327536769178154e-04 1.781452000927323531e-01 3.251416235085530793e-01 3.251941145311031065e-18 3.999302510351277450e-04 1.755397057291732121e-01 3.203678076648293072e-01
6.704112912542651166e-20 2.125254107080020880e-04 1.714740189124017988e-01 3.323736729730378259e-01 6.642959891768460788e-20 2.091859920305648695e-04 1.687185646602091249e-01 3.270120320516127221e-01
1.368999046156357788e-21 1.112113399561244655e-04 1.648883385072411056e-01 3.394283215516947227e-01 1.355650346751971828e-21 1.093071057670641629e-04 1.620010515084357727e-01 3.334617699869052432e-01
2.793041833036825499e-23 5.814327272071999201e-05 1.584140683393150950e-01 3.463233129266438670e-01 2.764052338949132280e-23 5.706586701545394161e-05 1.554121694441233104e-01 3.397352401501815833e-01
5.693669529027549160e-25 3.037311221542876103e-05 1.520676990580151766e-01 3.530651074899595621e-01 5.630998427923751925e-25 2.976760543530276404e-05 1.489675477439263152e-01 3.458395049904481877e-01
1.159756347717734954e-26 1.585392105958047528e-05 1.458605266130938716e-01 3.596544573666075606e-01 1.146263057723714722e-26 1.551561474898616221e-05 1.426776416791047941e-01 3.517760048053852340e-01
2.360563840354022693e-28 8.269041632423049102e-06 1.398008043307705783e-01 3.660894259958334951e-01 2.331619893148911379e-28 8.081001597691333868e-06 1.365498718974806625e-01 3.575435477326851519e-01
4.801224821195044466e-30 4.309788360787223032e-06 1.338948402230433210e-01 3.723670133067689125e-01 4.739346138407115927e-30 4.205752419529679259e-06 1.305897167812586634e-01 3.631399141481489456e-01
9.758599099796495049e-32 2.244652121113005356e-06 1.281475614423132070e-01 3.784840231015417777e-01 9.626720071162383403e-32 2.187331288633259831e-06 1.248012754583585210e-01 3.685627080143766832e-01
1.982133477801455414e-33 1.168272090058681254e-06 1.225628103066173785e-01 3.844375145311579867e-01 1.954104026807345461e-33 1.136808598183298270e-06 1.191875689536079502e-01 3.738098011279284427e-01
4.023440968472157140e-35 6.076452693182436280e-07 1.171435108679629716e-01 3.902250377426087491e-01 3.964023977507488239e-35 5.904339410765098153e-07 1.137507022567650489e-01 3.788795510534528899e-01
8.161865547858862858e-37 3.158468946171835377e-07 1.118917669058047404e-01 3.958447344973652915e-01 8.036223677059851238e-37 3.064613190051346868e-07 1.084919728621089596e-01 3.837709034265072705e-01
1.654687457403481492e-38 1.640713102454205703e-07 1.068089320613429677e-01 4.012953785517131000e-01 1.628180398594737270e-38 1.589679526388601834e-07 1.034119424398931147e-01 3.884834239077878393e-01
3.352628898313027711e-40 8.517798811843633514e-08 1.018956655189903610e-01 4.065763763371534889e-01 3.296825571163898686e-40 8.241043600449945369e-08 9.851049587879895375e-02 3.930172946766331554e-01
6.789013631090016900e-42 4.419467322783895681e-08 9.715198202213715106e-02 4.116877466174759248e-01 6.671771383013036724e-42 4.269752289791884471e-08 9.378689442316963387e-02 3.973732900450210881e-01
1.374005535981651927e-43 2.291761217363922554e-08 9.257729981244894324e-02 4.166300880995756906e-01 1.349419559315663284e-43 2.210955785021556952e-08 8.923982643325625852e-02 4.015527406275490319e-01
2.779328064632313888e-45 1.187776407038155719e-08 8.817048795478688028e-02 4.214045401347722430e-01 2.727861674777194990e-45 1.144256388083837128e-08 8.486745717434893144e-02 4.055574914157640820e-01
5.619135488524732010e-47 6.152828631178017728e-09 8.392991335870433889e-02 4.260127390067522946e-01 5.511579492978296848e-47 5.918906031081944053e-09 8.066747801654364225e-02 4.093898575462651124e-01
1.135497691633389856e-48 3.185653450356054435e-09 7.985348800065673880e-02 4.304567745714525384e-01 1.113055787022463564e-48 3.060153052654597292e-09 7.663715496752304679e-02 4.130525762145611512e-01
2.293499286904589504e-50 1.648596892661745280e-09 7.593871502700676179e-02 4.347391436241702656e-01 2.246742532951946539e-50 1.581383163684347427e-09 7.277337641253918410e-02 4.165487617063037273e-01
4.630367310970223234e-52 8.527685136511509498e-10 7.218273438227613970e-02 4.388627056948268268e-01 4.529175368665740467e-52 8.168302600084963662e-10 6.907269905259194598e-02 4.198818592007062533e-01
9.344271672629501936e-54 4.409170484311307387e-10 6.858236705697155766e-02 4.428306394334720064e-01 9.126364491361464869e-54 4.217310670481824719e-10 6.553139305783410584e-02 4.230555995890741272e-01
1.884936128975360312e-55 2.278766445565023465e-10 6.513415758262264266e-02 4.466463995403389675e-01 1.838221771609727518e-55 2.176489490791588583e-10 6.214548471185084993e-02 4.260739577196619998e-01
3.800815367123478933e-57 1.177247758457631009e-10 6.183441588871031042e-02 4.503136843421733926e-01 3.701042259986398405e-57 1.122801139163737075e-10 5.891079820324236771e-02 4.289411013358691016e-01
7.661140130220687575e-59 6.079512784286816795e-11 5.867925242890559973e-02 4.538363727965681882e-01 7.448810963935330290e-59 5.790045529564923956e-11 5.582299055177663422e-02 4.316613841040540800e-01
1.543667870379660134e-60 3.138412555319845311e-11 5.566461820010291245e-02 4.572185131585107531e-01 1.498627717383907529e-60 2.984705468870168382e-11 5.287759070029913328e-02 4.342392778798560560e-01
3.109318762755381768e-62 1.619567006894598327e-11 5.278633733670812928e-02 4.604642805143152051e-01 3.014054310480482809e-62 1.538043543675242506e-11 5.007003165306724013e-02 4.366793504643333157e-01
6.260866155327499059e-64 8.354923734182771326e-12 5.004013856664987769e-02 4.635779454532635846e-01 6.059909084273164461e-64 7.923014953739860267e-12 4.739568102836029528e-02 4.389862349354482496e-01
1.260282811316039275e-65 4.308712870813587391e-12 4.742168414707213092e-02 4.665638451323353975e-01 1.217996047511082739e-65 4.080128385660667560e-12 4.484986899638122859e-02 4.411646017158222799e-01
2.536135344622579752e-67 2.221368921936820582e-12 4.492659628566526842e-02 4.694263566588250391e-01 2.447352156726613869e-67 2.100512491400076339e-12 4.242791363647870073e-02 4.432191334147090878e-01
5.102157090517557338e-69 1.144901815517330242e-12 4.255048114213396543e-02 4.721698732974506929e-01 4.916139852122981500e-69 1.081063328393525973e-12 4.012514370625337029e-02 4.451545018519360575e-01
1.024941745196585031e-70 5.899243414418521197e-13 4.028895040403045191e-02 4.747987827824233231e-01 9.860916188199456393e-71 5.562340036726379258e-13 3.793691899774603166e-02 4.469753478146540893e-01
2.058409854405921047e-72 3.038860602967995711e-13 3.813764059360424952e-02 4.773174483950521352e-01 1.977410946609178056e-72 2.861213940860417638e-13 3.585864826851670184e-02 4.486862627422368854e-01
4.132921832085320398e-74 1.565010545785305588e-13 3.609223006599723838e-02 4.797301910245105327e-01 3.964325229761411916e-74 1.471414962626400685e-13 3.388580514754663264e-02 4.502917737616419780e-01
8.296221837824601939e-76 8.057887373933519842e-14 3.414845405840871706e-02 4.820412749929728902e-01 7.945832429273742787e-76 7.565148346245239122e-14 3.201394165911028433e-02 4.517963292893518168e-01
1.664969603599274414e-77 4.147894813628127853e-14 3.230211767710851334e-02 4.842548947710125229e-01 1.592253732474712631e-77 3.888681337524223619e-14 3.023869996693376652e-02 4.532042875848647512e-01
3.340718006672559071e-79 2.134724598251786322e-14 3.054910707051641111e-02 4.863751638101987962e-01 3.190013768499471364e-79 1.998457193959531523e-14 2.855582224622954177e-02 4.545199068730138015e-01
6.701707355992825175e-81 1.098419659602699465e-14 2.888539889527040952e-02 4.884061050794964998e-01 6.389767460135370495e-81 1.026832666454110458e-14 2.696115887469585984e-02 4.557473371505160742e-01
1.344149648868817179e-82 5.650821609219722190e-15 2.730706820775311711e-02 4.903516431672624853e-01 1.279658373071922556e-82 5.274986683226712429e-15 2.545067508256619246e-02 4.568906135424072867e-01
2.695445234865209828e-84 2.906538521682295147e-15 2.581029491326315012e-02 4.922155978312824920e-01 2.562263159923407753e-84 2.709344639530127540e-15 2.402045619811311178e-02 4.579536510573355423e-01
5.404283849763494690e-86 1.494740786454840320e-15 2.439136890064589822e-02 4.940016788623036725e-01 5.129536780812246131e-86 1.391337404333690330e-15 2.266671162240638943e-02 4.589402406146411706e-01
1.083363966607619711e-87 7.685726745021372557e-16 2.304669397118366825e-02 4.957134818098256068e-01 1.026744768292059219e-87 7.143810597829271633e-16 2.138577769117532348e-02 4.598540465278140310e-01
2.171415295803689498e-89 3.951272644412152812e-16 2.177279075840956798e-02 4.973544860886849328e-01 2.054845130835076600e-89 3.667418004312055612e-16 2.017411939156847633e-02 4.606986037613364227e-01
4.351731445196486273e-91 2.031073453263360244e-16 2.056629859249527875e-02 4.989280520876904768e-01 4.111936101569286519e-91 1.882467443498400915e-16 1.902833136234260633e-02 4.614773179574712114e-01
8.720378176062297008e-93 1.043888787673167403e-16 1.942397657810797026e-02 5.004374204308290608e-01 8.227495188723168248e-93 9.661276513208568784e-17 1.794513796445922418e-02 4.621934650266035227e-01
1.747290589344795296e-94 5.364460315157234026e-17 1.834270390216651350e-02 5.018857116656634254e-01 1.646059283088613595e-94 4.957751524688409699e-17 1.692139268576877548e-02 4.628501917464010740e-01
3.500692451308042921e-96 2.756411867922482559e-17 1.731947948155844463e-02 5.032759266221302763e-01 3.292928423574456385e-96 2.543790124754360946e-17 1.595407693827631535e-02 4.634505169580350747e-01
7.013003774167099575e-98 1.416156894646728106e-17 1.635142103555285026e-02 5.046109473311446436e-01 6.586889622349819687e-98 1.305049509976892054e-17 1.504029833418957587e-02 4.639973332991129129e-01
1.404810213856280050e-99 7.274959572491247307e-18 1.543576366103610424e-02 5.058935383941606245e-01 1.317473849722553552e-99 6.694600366231196476e-18 1.417728851938055042e-02 4.644934094254227208e-01
2.813822973111029933e-101 3.736838913574417841e-18 1.456985799076393993e-02 5.071263489932990032e-01 2.634930336511343263e-101 3.433815129576041817e-18 1.336240062517109715e-02 4.649413923907658730e-01
5.635641678004440905e-103 1.919266308389720993e-18 1.375116798292675205e-02 5.083119149324083486e-01 5.269431255440841222e-103 1.761109002420735677e-18 1.259310642370348697e-02 4.653438106609613101e-01
1.128650069520122024e-104 9.856563721966444893e-19 1.297726841934828367e-02 5.094526611935026317e-01 1.053725945328818470e-104 9.031398386484831183e-19 1.186699322279215728e-02 4.657030771643569378e-01
2.260197279633793710e-106 5.061479681678295872e-19 1.224584215688611158e-02 5.105509046848730748e-01 2.106991021957464541e-106 4.631113620046812910e-19 1.118176056301143674e-02 4.660214925952293474e-01
4.525912369125058850e-108 2.598922034451165560e-19 1.155467718199373710e-02 5.116088571858433687e-01 4.212796111331709171e-108 2.374540959962495155e-19 1.053521676082753468e-02 4.663012488713353942e-01
9.062338217573523331e-110 1.334365491196860555e-19 1.090166351142399931e-02 5.126286284454546482e-01 8.422722962726838676e-110 1.217417934469981050e-19 9.925275338597218736e-03 4.665444327045240591e-01
1.814471772053494357e-111 6.850528079736046616e-20 1.028478998373390414e-02 5.136122297205880649e-01 1.683872595681570775e-111 6.241190287765716428e-20 9.349951365589300595e-03 4.667530289300887980e-01
3.632765804506503583e-113 3.516760529626722193e-20 9.702140942033457907e-03 5.145615760941790739e-01 3.366225224497017484e-113 3.199371358097883153e-20 8.807357802509107811e-03 4.669289251612783187e-01
7.272825311543370637e-115 1.805230825528528588e-20 9.151892906112367443e-03 5.154784908091749607e-01 6.729079740886851983e-115 1.639959347709063167e-20 8.295701751677877003e-03 4.670739145330347619e-01
1.455957661187748983e-116 9.266068224387911700e-21 8.632311189442604116e-03 5.163647083134687010e-01 1.345079664817606690e-116 8.405708476439578745e-21 7.813280765725722984e-03 4.671896997313630950e-01
2.914575873744516574e-118 4.755898494508392281e-21 8.141746519801545609e-03 5.172218776384595040e-01 2.688570083704243581e-118 4.308140897014841933e-21 7.358479168774542320e-03 4.672778966729643768e-01
5.834238052149828124e-120 2.440874385430993312e-21 7.678631675498199041e-03 5.180515657625510695e-01 5.373742720473108177e-120 2.207909382571024905e-21 6.929764421213076286e-03 4.673400381407377679e-01
1.167820661779857847e-121 1.252666354555981041e-21 7.241478153818213352e-03 5.188552609424681439e-01 1.074027990634461384e-121 1.131487404529347936e-21 6.525683542762013289e-03 4.673775773609515904e-01
2.337504222883336036e-123 6.428413595666830942e-22 6.828872886096814566e-03 5.196343760214202634e-01 2.146538198537077408e-123 5.798245769409644138e-22 6.144859605436524611e-03 4.673918914870463515e-01
4.678577726277654087e-125 3.298768497346375947e-22 6.439475009872790146e-03 5.203902515998601874e-01 4.289896867574844539e-125 2.971140211358651183e-22 5.785988309405562524e-03 4.673842850808613281e-01
9.363999719704011918e-127 1.692702526696950073e-22 6.072012710264943977e-03 5.211241592216825369e-01 8.573163647112842323e-127 1.522405880699914104e-22 5.447834644976554293e-03 4.673559934230761548e-01
1.874113489998154110e-128 8.685429634295103550e-23 5.725280137185590271e-03 5.218373044801615235e-01 1.713256407643885182e-128 7.800449330352702965e-23 5.129229650216702435e-03 4.673081857324360988e-01
3.750750184948259071e-130 4.456407047968584245e-23 5.398134404767445868e-03 5.225308300277109463e-01 3.423666147935695155e-130 3.996609086398914274e-23 4.829067269029216694e-03 4.672419682984924605e-01
7.506351745615382585e-132 2.286452833257193354e-23 5.089492677344994477e-03 5.232058184065260242e-01 6.841462717430758424e-132 2.047611559056705151e-23 4.546301314894231338e-03 4.671583876012347369e-01
1.502204029725390921e-133 1.173071276725999345e-23 4.798329348505353531e-03 5.238632949541339734e-01 1.367085736220614930e-133 1.049030789054955310e-23 4.279942536923205670e-03 4.670584331604375472e-01
3.006206798060480968e-135 6.018277031337353955e-24 4.523673312833499313e-03 5.245042305035325647e-01 2.731696527215751055e-135 5.374208590490291814e-24 4.029055796123641106e-03 4.669430403875102775e-01
6.015882470917529224e-137 3.087495840839870907e-24 4.264605333691015229e-03 5.251295440154021277e-01 5.458328911063400109e-137 2.753133278298681496e-24 3.792757349144769852e-03 4.668130933017621831e-01
1.203846184158203425e-138 1.583900096378229173e-24 4.020255507644128479e-03 5.257401051136865178e-01 1.090631690584967935e-138 1.410350810188726116e-24 3.570212240028820296e-03 4.666694271386404025e-01
2.408986672751893890e-140 8.125257063502688220e-25 3.789800825775699843e-03 5.263367365243027951e-01 2.179155669122342216e-140 7.224619694051533741e-25 3.360631799185475384e-03 4.665128308507359156e-01
4.820477657480586804e-142 4.168070316272560800e-25 3.572462831513753892e-03 5.269202164173417691e-01 4.354022513677393277e-142 3.700764356164668746e-25 3.163271248276811054e-03 4.663440495028675636e-01
9.645806418875745163e-144 2.138071426690013241e-25 3.367505374097070833e-03 5.274912806536482535e-01 8.699331253100242963e-144 1.895645486097734141e-25 2.977427409256846232e-03 4.661637865629978394e-01
1.930102095093974927e-145 1.096728764966991687e-25 3.174232456367137578e-03 5.280506249370782168e-01 1.738098285280086631e-145 9.709853170114672291e-26 2.802436515444206577e-03 4.659727060911103558e-01
3.862030955365468880e-147 5.625571941810762971e-26 2.991986175217240321e-03 5.285989068741064889e-01 3.472614019857658807e-147 4.973459998668830521e-26 2.637672122208685639e-03 4.657714348284675565e-01
7.727613218280915547e-149 2.885526685563510861e-26 2.820144752732942073e-03 5.291367479427506737e-01 6.937976869116729547e-149 2.547390707362175223e-26 2.482543114614733752e-03 4.655605641899017155e-01
1.546213877521670650e-150 1.480045201061892343e-26 2.658120655819000595e-03 5.296647353730130625e-01 1.386129278612353914e-150 1.304739961044465739e-26 2.336491809179984738e-03 4.653406521619879999e-01
3.093774847183154685e-152 7.591311535966635657e-27 2.505358801916172419e-03 5.301834239411027383e-01 2.769297274864021850e-152 6.682582361155420397e-27 2.198992146767914102e-03 4.651122251102132177e-01
6.190178195512342927e-154 3.893597492574342585e-27 2.361334848268140281e-03 5.306933376806555192e-01 5.532618457172840323e-154 3.422607363357400813e-27 2.069547973529574370e-03 4.648757794975468260e-01
1.238549161264605139e-155 1.997000263354106480e-27 2.225553562078494332e-03 5.311949715122477045e-01 1.105318675278244007e-155 1.752922320314771521e-27 1.947691406756352651e-03 4.646317835189173739e-01
2.478102823873558504e-157 1.024232192641938758e-27 2.097547268834226968e-03 5.316887927952915760e-01 2.208209435550135804e-157 8.977625681144687282e-28 1.832981282453137288e-03 4.643806786534210862e-01
4.958172994517796361e-159 5.253059643127199367e-28 1.976874376011357893e-03 5.321752428041025551e-01 4.411530783296929435e-159 4.597840769857970523e-28 1.725001681445253619e-03 4.641228811384407460e-01
9.920203860510884031e-161 2.694140300206482222e-28 1.863117969364921521e-03 5.326547381326265374e-01 8.813226414181966803e-161 2.354725720093096686e-28 1.623360530829632544e-03 4.638587833671790062e-01
1.984798210088189232e-162 1.381727457403514854e-28 1.755884478982482240e-03 5.331276720275457404e-01 1.760667606766570372e-162 1.205927035801912184e-28 1.527688277633096336e-03 4.635887552158386438e-01
3.971085348069998944e-164 7.086294339793796977e-29 1.654802412316395141e-03 5.335944156549948802e-01 3.517361200223199633e-164 6.175844557960606540e-29 1.437636631557114063e-03 4.633131453011316570e-01
7.945101056802400196e-166 3.634217419016610260e-29 1.559521151431884954e-03 5.340553193053270142e-01 7.026740224936916381e-166 3.162762643364265367e-29 1.352877373753331612e-03 4.630322821694877189e-01
1.589597617951671146e-167 1.863793633764076648e-29 1.469709811725286412e-03 5.345107135325637415e-01 1.403745552855181592e-167 1.619690538021766344e-29 1.273101228670456926e-03 4.627464754270404490e-01
3.180334297054823953e-169 9.558290101846720420e-30 1.385056159458606436e-03 5.349609102375793013e-01 2.804275466276093819e-169 8.294552407195576512e-30 1.198016796037508795e-03 4.624560168069247190e-01
6.362918205089658058e-171 4.901830687628847250e-30 1.305265585483981940e-03 5.354062036944617908e-01 5.602101098364013464e-171 4.247658383353379837e-30 1.127349540170340461e-03 4.621611811798839176e-01
