7.726555770346620056e-02 2.592614938631202307e-02 1.557638977690965244e-02 1.113234318839518254e-02 7.726555770346620056e-02 2.592614938631202307e-02 1.557638977690965244e-02 1.113234318839518254e-02 7.726555770346620056e-02 2.592614938631202307e-02 1.557638977690965244e-02 1.113234318839518254e-02 7.726555770346620056e-02 2.592614938631202307e-02 1.557638977690965244e-02 1.113234318839518254e-02 7.715309059209377041e-02 2.589009776323953488e-02 1.555493426774107353e-02 1.111707176069486741e-02 7.035799252857205532e-02 2.371229030324558881e-02 1.425896325710659246e-02 1.019467623453533360e-02 6.913056030694687826e-02 2.331908647345647817e-02 1.402501434984758551e-02 1.002817850878788726e-02 6.861639080206814734e-02 2.315440423289525512e-02 1.392703699483762228e-02 9.958451403599116042e-03
1.146563032970832063e-01 1.290938737280173006e-02 4.659756499748315788e-03 2.380141850648934219e-03 1.146563032970832063e-01 1.290938737280173006e-02 4.659756499748315788e-03 2.380141850648934219e-03 1.146563032970832063e-01 1.290938737280173006e-02 4.659756499748315788e-03 2.380141850648934219e-03 1.146563032970832063e-01 1.290938737280173006e-02 4.659756499748315788e-03 2.380141850648934219e-03 1.143285722441880758e-01 1.287416440572787535e-02 4.647164502824557668e-03 2.373736794396198984e-03 9.539786733627168835e-02 1.083583335635968786e-02 3.918241746771939683e-03 2.002913832267681250e-03 9.216120047162895679e-02 1.048659642536772622e-02 3.793308237584562276e-03 1.939347706390854133e-03 9.082203077986544804e-02 1.034203984228082053e-02 3.741592269966788689e-03 1.913033966978571615e-03
1.325793009840809666e-01 5.008816809652386938e-03 1.086229399171134268e-03 3.965345667673395849e-04 1.325793009840809666e-01 5.008816809652386938e-03 1.086229399171134268e-03 3.965345667673395849e-04 1.325793009840809666e-01 5.008816809652386938e-03 1.086229399171134268e-03 3.965345667673395849e-04 1.325793009840809666e-01 5.008816809652386938e-03 1.086229399171134268e-03 3.965345667673395849e-04 1.320178801597367280e-01 4.988581110872671899e-03 1.081883632974386293e-03 3.949547996894148261e-04 1.009604965848585334e-01 3.864869603349217753e-03 8.403848842505743559e-04 3.071389302230742276e-04 9.593070667296203780e-02 3.682011868646928483e-03 8.010517522750042240e-04 2.928309478007467951e-04 9.387456996699096445e-02 3.607184463291967114e-03 7.849531788351632759e-04 2.869744045553538508e-04
1.412332041067110022e-01 1.790396171680456614e-03 2.332729410306149753e-04 6.086165549423214812e-05 1.412332041067110022e-01 1.790396171680456614e-03 2.332729410306149753e-04 6.086165549423214812e-05 1.412332041067110022e-01 1.790396171680456614e-03 2.332729410306149753e-04 6.086165549423214812e-05 1.412332041067110022e-01 1.790396171680456614e-03 2.332729410306149753e-04 6.086165549423214812e-05 1.404421769947336029e-01 1.780832314062111158e-03 2.320390414176387605e-04 6.054109261859847509e-05 9.848835330414586198e-02 1.270659337646749690e-03 1.661448944885407324e-04 4.341394484921445168e-05 9.205238686441842566e-02 1.191804095755528807e-03 1.559452247403773483e-04 4.076123642711014012e-05 8.945259937198180022e-02 1.159898318964224743e-03 1.518170235933188948e-04 3.968744049163545104e-05
1.466835973933339754e-01 6.239446917174311380e-04 4.884162892818214594e-05 9.107295743010490868e-06 1.466835973933339754e-01 6.239446917174311380e-04 4.884162892818214594e-05 9.107295743010490868e-06 1.466835973933339754e-01 6.239446917174311380e-04 4.884162892818214594e-05 9.107295743010490868e-06 1.466835973933339754e-01 6.239446917174311380e-04 4.884162892818214594e-05 9.107295743010490868e-06 1.456622768619660335e-01 6.198021364898879948e-04 4.852054026851735231e-05 9.047678757054278422e-06 9.368613161122633926e-02 4.073612959898035408e-04 3.202964424063307105e-05 5.983840182725822173e-06 8.613588591377371873e-02 3.761798570121753960e-04 2.960428401721248201e-05 5.532847586999200961e-06 8.312198907993954833e-02 3.637045695966381522e-04 2.863350190375604570e-05 5.352298158699948083e-06
1.509923173135591656e-01 2.155202394189366583e-04 1.013586758151462572e-05 1.350766040413957812e-06 1.509923173135591656e-01 2.155202394189366583e-04 1.013586758151462572e-05 1.350766040413957812e-06 1.509923173135591656e-01 2.155202394189366583e-04 1.013586758151462572e-05 1.350766040413957812e-06 1.509923173135591656e-01 2.155202394189366583e-04 1.013586758151462572e-05 1.350766040413957812e-06 1.497357755585690675e-01 2.138102416948550353e-04 1.005623903853303689e-05 1.340199608331755440e-06 8.833240575164413855e-02 1.294497052788986103e-04 6.120514077005355178e-06 8.175256642246504322e-07 7.989004261781666727e-02 1.176960767506884389e-04 5.570739240498014631e-06 7.444334055888728358e-07 7.655975894423867889e-02 1.130460999486378144e-04 5.353113447910099433e-06 7.154931762385515728e-07
1.548025580049220418e-01 7.414295878365991053e-05 2.094940064961215647e-06 1.995311539659183766e-07 1.548025580049220418e-01 7.414295878365991053e-05 2.094940064961215647e-06 1.995311539659183766e-07 1.548025580049220418e-01 7.414295878365991053e-05 2.094940064961215647e-06 1.995311539659183766e-07 1.548025580049220418e-01 7.414295878365991053e-05 2.094940064961215647e-06 1.995311539659183766e-07 1.533042574408650660e-01 7.345882887488905421e-05 2.075800483012119186e-06 1.977160213456012399e-07 8.295192641092785646e-02 4.097075810233970238e-05 1.164864256548198026e-06 1.112434469816832624e-07 7.380149766462822114e-02 3.667603756968119093e-05 1.044059072485670972e-06 9.976012260274274957e-08 7.023444972808570719e-02 3.499591808574922190e-05 9.967664467428730641e-07 9.526331193148202686e-08
1.583177615996285981e-01 2.544347986412997574e-05 4.319236856755493726e-07 2.940126652099176304e-08 1.583177615996285981e-01 2.544347986412997574e-05 4.319236856755493726e-07 2.940126652099176304e-08 1.583177615996285981e-01 2.544347986412997574e-05 4.319236856755493726e-07 2.940126652099176304e-08 1.583177615996285981e-01 2.544347986412997574e-05 4.319236856755493726e-07 2.940126652099176304e-08 1.565709500966009915e-01 2.517586174029381999e-05 4.274255490227282337e-07 2.909638856843818529e-08 7.770844161028701846e-02 1.293536773618624616e-05 2.211538902507043296e-07 1.510008271042631825e-08 6.801025681224584507e-02 1.140082010827038124e-05 1.951958476649550068e-07 1.333587012866229400e-08 6.427426751026978080e-02 1.080719704309242571e-05 1.851459619452958893e-07 1.265259853178911535e-08
1.616047525389896211e-01 8.714740882491698852e-06 8.888199880377109096e-08 4.324070224760225992e-09 1.616047525389896211e-01 8.714740882491698852e-06 8.888199880377109096e-08 4.324070224760225992e-09 1.616047525389896211e-01 8.714740882491698852e-06 8.888199880377109096e-08 4.324070224760225992e-09 1.616047525389896211e-01 8.714740882491698852e-06 8.888199880377109096e-08 4.324070224760225992e-09 1.596030617038185773e-01 8.611843827048074333e-06 8.784292810118217981e-08 4.273736773672302299e-09 7.265883040222079203e-02 4.076246448900108847e-06 4.190740040717276886e-08 2.045790179810275580e-09 6.255517316781289416e-02 3.537266228201539940e-06 3.642453772604619377e-08 1.779359542919537863e-09 5.870892605326407526e-02 3.331096321482884019e-06 3.432523516249297761e-08 1.677305700738376100e-09
1.646874271547960067e-01 2.979996340064612640e-06 1.826013092371662450e-08 6.348961896396329086e-10 1.646874271547960067e-01 2.979996340064612640e-06 1.826013092371662450e-08 6.348961896396329086e-10 1.646874271547960067e-01 2.979996340064612640e-06 1.826013092371662450e-08 6.348961896396329086e-10 1.646874271547960067e-01 2.979996340064612640e-06 1.826013092371662450e-08 6.348961896396329086e-10 1.624251024642167085e-01 2.940974774496885683e-06 1.802339011421583230e-08 6.267001600030788761e-10 6.782584778044774276e-02 1.282419658531387332e-06 7.928206247118179165e-09 2.767138730722844960e-10 5.744333259349532900e-02 1.095691867398504844e-06 6.785885986681599275e-09 2.370255170182134555e-10 5.353762837415691062e-02 1.025063475729291663e-06 6.353342170303134658e-09 2.219903858249475964e-10
1.675765161856385410e-01 1.017474158953368047e-06 3.745763617781024825e-09 9.308058598044899716e-11 1.675765161856385410e-01 1.017474158953368047e-06 3.745763617781024825e-09 9.308058598044899716e-11 1.675765161856385410e-01 1.017474158953368047e-06 3.745763617781024825e-09 9.308058598044899716e-11 1.675765161856385410e-01 1.017474158953368047e-06 3.745763617781024825e-09 9.308058598044899716e-11 1.650484842357551607e-01 1.002842942992183137e-06 3.692433067187061551e-09 9.176103660773970826e-11 6.321974631326493510e-02 4.028567077148805226e-07 1.497648364646095272e-09 3.737244196117987443e-11 5.267051567780751953e-02 3.388915059404622091e-07 1.262323372804626962e-09 3.152666622177838076e-11 4.874903640297699459e-02 3.149678684698434213e-07 1.174202210661864907e-09 2.933648203535364502e-11
1.702791680940964891e-01 3.469178439326984147e-07 7.673127950564523389e-10 1.362733995325896392e-11 1.702791680940964891e-01 3.469178439326984147e-07 7.673127950564523389e-10 1.362733995325896392e-11 1.702791680940964891e-01 3.469178439326984147e-07 7.673127950564523389e-10 1.362733995325896392e-11 1.702791680940964891e-01 3.469178439326984147e-07 7.673127950564523389e-10 1.362733995325896392e-11 1.674810376357438180e-01 3.414838729005444932e-07 7.554129619677960196e-10 1.341690884807455272e-11 5.884504605667732063e-02 1.263777490544301101e-07 2.825168517207851738e-10 5.040476609773722166e-12 4.822763319031587309e-02 1.046726716233336350e-07 2.344957999502406628e-10 4.187563207353626164e-12 4.432754925010834457e-02 9.664568437040011863e-08 2.167126506766072570e-10 3.871529945561207201e-12
1.728020066651510811e-01 1.181323237667077498e-07 1.569796553653110551e-10 1.992516515718476643e-12 1.728020066651510811e-01 1.181323237667077498e-07 1.569796553653110551e-10 1.992516515718476643e-12 1.728020066651510811e-01 1.181323237667077498e-07 1.569796553653110551e-10 1.992516515718476643e-12 1.728020066651510811e-01 1.181323237667077498e-07 1.569796553653110551e-10 1.992516515718476643e-12 1.697300338646065831e-01 1.161305242602768960e-07 1.543459173516329054e-10 1.959230534574949031e-12 5.470281276030001388e-02 3.959434688237046847e-08 5.322570353761744521e-11 6.789445132965020393e-13 4.410295168158151480e-02 3.228860052814290014e-08 4.350536343794926842e-11 5.555050224570391725e-13 4.025548394244263251e-02 2.961708315020333653e-08 3.994562670926689210e-11 5.102709183798120694e-13
1.751519993697022437e-01 4.017814593823199943e-08 3.207697007686638808e-11 2.909858069907329255e-13 1.751519993697022437e-01 4.017814593823199943e-08 3.207697007686638808e-11 2.909858069907329255e-13 1.751519993697022437e-01 4.017814593823199943e-08 3.207697007686638808e-11 2.909858069907329255e-13 1.751519993697022437e-01 4.017814593823199943e-08 3.207697007686638808e-11 2.909858069907329255e-13 1.718030460990948305e-01 3.944588128847887443e-08 3.149814287481156050e-11 2.857575414889020802e-13 5.079160721550236846e-02 1.239019892014340233e-08 1.001569269557414716e-11 9.134388737673618208e-14 4.028307423500440687e-02 9.948288200517566937e-09 8.061832248142063767e-12 7.360339181299484727e-14 3.651404322234581834e-02 9.065371920990047064e-09 7.354238960769806124e-12 6.717420502786669402e-14
1.773366270012786405e-01 1.364985555571818468e-08 6.547271125403414605e-12 4.244814364651441145e-14 1.773366270012786405e-01 1.364985555571818468e-08 6.547271125403414605e-12 4.244814364651441145e-14 1.773366270012786405e-01 1.364985555571818468e-08 6.547271125403414605e-12 4.244814364651441145e-14 1.773366270012786405e-01 1.364985555571818468e-08 6.547271125403414605e-12 4.244814364651441145e-14 1.737081115698063949e-01 1.338363261954251548e-08 6.420839551278928336e-12 4.163196673208353875e-14 4.710798145641684198e-02 3.872965321739533897e-09 1.882611925650121242e-12 1.227566227998990490e-14 3.675347775326354843e-02 3.061740434102984448e-09 1.492263746622144242e-12 9.741560718806071190e-15 3.308384348833347949e-02 2.771724873641155999e-09 1.352469208745202372e-12 8.833349313254646014e-15
1.793638085683158523e-01 4.632540687993996214e-09 1.334997140213094076e-12 6.185839129914838235e-15 1.793638085683158523e-01 4.632540687993996214e-09 1.334997140213094076e-12 6.185839129914838235e-15 1.793638085683158523e-01 4.632540687993996214e-09 1.334997140213094076e-12 6.185839129914838235e-15 1.793638085683158523e-01 4.632540687993996214e-09 1.334997140213094076e-12 6.185839129914838235e-15 1.754536510347625977e-01 4.536275439524385549e-09 1.307530274399573444e-12 6.059115369898624846e-15 4.364685918860817387e-02 1.209385882105587368e-09 3.535058268879316435e-13 1.648034619930464905e-15 3.349892112771897523e-02 9.413365518726716780e-10 2.759395559595908212e-13 1.287999805367875679e-15 2.994530830433948104e-02 8.465866298098994719e-10 2.484699250500017226e-13 1.160392913445128310e-15
1.812417618700229160e-01 1.570715421795644499e-09 2.719489734149087206e-13 9.005868876824237638e-16 1.812417618700229160e-01 1.570715421795644499e-09 2.719489734149087206e-13 9.005868876824237638e-16 1.812417618700229160e-01 1.570715421795644499e-09 2.719489734149087206e-13 9.005868876824237638e-16 1.812417618700229160e-01 1.570715421795644499e-09 2.719489734149087206e-13 9.005868876824237638e-16 1.770483355407592441e-01 1.536073320618676250e-09 2.660105177037172883e-13 8.810055322218696419e-16 4.040185761499252154e-02 3.772906202458483331e-10 6.631658834036601311e-14 2.210434026642824945e-16 3.050377457731887412e-02 2.891424464374137019e-10 5.097681643557731736e-14 1.701349074035047291e-16 2.707897604161275951e-02 2.583350318126835912e-10 4.560483442281305269e-14 1.522913872946638226e-16
1.829788714469132438e-01 5.321021010573610925e-10 5.534950136899701576e-14 1.310001576578387954e-16 1.829788714469132438e-01 5.321021010573610925e-10 5.534950136899701576e-14 1.310001576578387954e-16 1.829788714469132438e-01 5.321021010573610925e-10 5.534950136899701576e-14 1.310001576578387954e-16 1.829788714469132438e-01 5.321021010573610925e-10 5.534950136899701576e-14 1.310001576578387954e-16 1.785009511770277446e-01 5.196892272793012986e-10 5.407108724753306954e-14 1.279874210852079489e-16 3.736555419054828769e-02 1.176004192083449044e-10 1.242995403092554134e-14 2.962173769679005134e-17 2.775227631943449902e-02 8.873624259435855495e-11 9.409221964853156621e-15 2.245397921180559425e-17 2.446572959183358764e-02 7.876217031344926891e-11 8.363160112120902221e-15 1.996954142381508525e-17
1.845835603280395754e-01 1.801116649054653378e-10 1.125613784338436348e-14 1.904002079721497288e-17 1.845835603280395754e-01 1.801116649054653378e-10 1.125613784338436348e-14 1.904002079721497288e-17 1.845835603280395754e-01 1.801116649054653378e-10 1.125613784338436348e-14 1.904002079721497288e-17 1.845835603280395754e-01 1.801116649054653378e-10 1.125613784338436348e-14 1.904002079721497288e-17 1.798202817001452181e-01 1.756810496770212097e-10 1.098198462780134070e-14 1.857827453628904696e-17 3.452973425783893713e-02 3.662633317546410741e-11 2.327922830948591880e-15 3.966388197339063237e-18 2.522875465956264315e-02 2.721086764655131985e-11 1.735349234366531703e-15 2.961047501479018476e-18 2.208698708627475013e-02 2.399409727935945525e-11 1.532435868294583365e-15 2.616454641211897706e-18
1.860641816751539002e-01 6.092090847690241514e-11 2.287403368673846562e-15 2.765289993541259599e-18 1.860641816751539002e-01 6.092090847690241514e-11 2.287403368673846562e-15 2.765289993541259599e-18 1.860641816751539002e-01 6.092090847690241514e-11 2.287403368673846562e-15 2.765289993541259599e-18 1.860641816751539002e-01 6.092090847690241514e-11 2.287403368673846562e-15 2.765289993541259599e-18 1.810149780904078687e-01 5.934495651489623077e-11 2.228816199653322937e-15 2.694766622914227135e-18 3.188561997736499148e-02 1.139876535995600770e-11 4.356597493208819320e-16 5.307129718987777566e-19 2.291781785763354062e-02 8.338039939227857764e-12 3.198160755697718034e-16 3.901913696425078081e-19 1.992485704389596740e-02 7.304181656179241353e-12 2.805915677237051297e-16 3.425616474349097812e-19
1.874289264194324289e-01 2.059183161394536770e-11 4.645154749119316957e-16 4.013451533407986962e-19 1.874289264194324289e-01 2.059183161394536770e-11 4.645154749119316957e-16 4.013451533407986962e-19 1.874289264194324289e-01 2.059183161394536770e-11 4.645154749119316957e-16 4.013451533407986962e-19 1.874289264194324289e-01 2.059183161394536770e-11 4.645154749119316957e-16 4.013451533407986962e-19 1.820935082030858410e-01 2.003303822390045019e-11 4.520347115097775273e-16 3.906079233262983999e-19 2.942405374561741366e-02 3.545097557079769099e-12 8.147648781155753157e-17 7.096271022686651913e-20 2.080449161309608219e-02 2.553241774195893151e-12 5.890064902793856120e-17 5.138263046459508683e-20 1.796224064974769399e-02 2.222006221812586719e-12 5.134208215474208311e-17 4.481989365849802618e-20
1.886857528632971959e-01 6.955882405266269417e-12 9.427276890928656810e-17 5.821353997617720386e-20 1.886857528632971959e-01 6.955882405266269417e-12 9.427276890928656810e-17 5.821353997617720386e-20 1.886857528632971959e-01 6.955882405266269417e-12 9.427276890928656810e-17 5.821353997617720386e-20 1.886857528632971959e-01 6.955882405266269417e-12 9.427276890928656810e-17 5.821353997617720386e-20 1.830640608000579095e-01 6.758316027666981304e-12 9.162162449047835390e-17 5.658347431892655320e-20 2.713567277692967988e-02 1.101866582278921477e-12 1.522816612913602638e-17 9.482680731938423683e-21 1.887433935100156501e-02 7.813591711088047132e-13 1.084103316767758889e-17 6.762165728896654621e-21 1.618291558168093169e-02 6.755382309618668566e-13 9.388653163655074071e-18 5.860489089137769846e-21
1.898423329000661630e-01 2.348339824276540857e-12 1.912158102886226660e-17 8.438814790189003146e-21 1.898423329000661630e-01 2.348339824276540857e-12 1.912158102886226660e-17 8.438814790189003146e-21 1.898423329000661630e-01 2.348339824276540857e-12 1.912158102886226660e-17 8.438814790189003146e-21 1.898423329000661630e-01 2.348339824276540857e-12 1.912158102886226660e-17 8.438814790189003146e-21 1.839345050344564636e-01 2.278671161472123366e-12 1.855990178375105296e-17 8.191994570965607319e-21 2.501104332889840520e-02 3.422811295656980864e-13 2.844566140328285028e-18 1.266441657927555228e-21 1.711354058964697361e-02 2.389807623937903864e-13 1.994227595872229689e-18 8.894237927670722112e-22 1.457157943427512051e-02 2.052618280299493503e-13 1.715879211064349624e-18 7.658619627549045218e-22
1.909060127119195094e-01 7.923959429735658045e-13 3.876447634920761440e-18 1.222676287456020835e-21 1.909060127119195094e-01 7.923959429735658045e-13 3.876447634920761440e-18 1.222676287456020835e-21 1.909060127119195094e-01 7.923959429735658045e-13 3.876447634920761440e-18 1.222676287456020835e-21 1.909060127119195094e-01 7.923959429735658045e-13 3.876447634920761440e-18 1.222676287456020835e-21 1.847123514318605997e-01 7.678871963527984862e-13 3.757733443693729642e-18 1.185392873105549562e-21 2.304077589275433519e-02 1.062700717767141428e-13 5.310782788551009815e-19 1.690492776583896974e-22 1.550894841255004430e-02 7.305493172086571856e-14 3.666512237796892343e-19 1.169246407980383473e-22 1.311387341097789046e-02 6.233628959894618433e-14 3.134329321447109098e-19 1.000326180545850279e-22
1.918837803040107648e-01 2.672487328966866530e-13 7.854818539242049059e-19 1.770653716276080457e-22 1.918837803040107648e-01 2.672487328966866530e-13 7.854818539242049059e-19 1.770653716276080457e-22 1.918837803040107648e-01 2.672487328966866530e-13 7.854818539242049059e-19 1.770653716276080457e-22 1.918837803040107648e-01 2.672487328966866530e-13 7.854818539242049059e-19 1.770653716276080457e-22 1.854047260664770935e-01 2.586457390947407352e-13 7.604460320009890606e-19 1.714458983930840476e-22 2.121562737719999772e-02 3.297861985796013296e-14 9.910476302412877365e-20 2.255458998917818019e-23 1.404813252385184175e-02 2.232183509328843526e-14 6.737911702217977251e-20 1.536374552723349702e-23 1.179639281502608585e-02 1.892202368822848020e-14 5.722639862263763665e-20 1.305950294179068605e-23
1.927822502059703125e-01 9.009468823919784775e-14 1.590920624110882971e-19 2.563102071549031772e-23 1.927822502059703125e-01 9.009468823919784775e-14 1.590920624110882971e-19 2.563102071549031772e-23 1.927822502059703125e-01 9.009468823919784775e-14 1.590920624110882971e-19 2.563102071549031772e-23 1.927822502059703125e-01 9.009468823919784775e-14 1.590920624110882971e-19 2.563102071549031772e-23 1.860183566045471304e-01 8.708099236637131811e-14 1.538228896299066860e-19 2.478574783534769613e-23 1.952657344302569792e-02 1.022975801417734544e-14 1.848595523000061424e-20 3.007931454580147427e-24 1.271939550940458241e-02 6.817448785044628026e-15 1.237682141246262604e-20 2.017900735973107542e-24 1.060667361867097258e-02 5.741243356005405957e-15 1.044383367089385383e-20 1.704211142947274878e-24
1.936076504443627055e-01 3.036053375662604313e-14 3.220976460849209582e-20 3.708726878023429570e-24 1.936076504443627055e-01 3.036053375662604313e-14 3.220976460849209582e-20 3.708726878023429570e-24 1.936076504443627055e-01 3.036053375662604313e-14 3.220976460849209582e-20 3.708726878023429570e-24 1.936076504443627055e-01 3.036053375662604313e-14 3.220976460849209582e-20 3.708726878023429570e-24 1.865595820233594548e-01 2.930678049832683787e-14 3.110285341796879975e-20 3.581819158113291619e-24 1.796486804046784971e-02 3.171948080665984924e-15 3.446807998071520974e-21 4.009855841118894453e-25 1.151177805775700086e-02 2.081334705396462737e-15 2.272589452842574585e-21 2.649296376954591357e-25 9.533170100807265845e-03 1.741295513611745750e-15 1.905248501676799780e-21 2.223045261111105503e-25
1.943658352849816917e-01 1.022730388233139049e-14 6.518807135057687983e-21 5.364451758431529450e-25 1.943658352849816917e-01 1.022730388233139049e-14 6.518807135057687983e-21 5.364451758431529450e-25 1.943658352849816917e-01 1.022730388233139049e-14 6.518807135057687983e-21 5.364451758431529450e-25 1.943658352849816917e-01 1.022730388233139049e-14 6.518807135057687983e-21 5.364451758431529450e-25 1.870342876126718235e-01 9.859489101524780332e-15 6.286675725831581237e-21 5.174243240414770914e-25 1.652209151173303012e-02 9.831717161453813122e-16 6.424434178446058939e-22 5.343578338593509851e-26 1.041505466664601094e-02 6.351916419030489093e-16 4.171340634450829596e-22 3.476995266840580322e-26 8.565225068969411007e-03 5.279367611996436037e-16 3.474451137408933580e-22 2.898785678330230821e-26
1.950622666548279815e-01 3.444047873134130584e-15 1.318879066315397899e-21 7.756791146770828798e-26 1.950622666548279815e-01 3.444047873134130584e-15 1.318879066315397899e-21 7.756791146770828798e-26 1.950622666548279815e-01 3.444047873134130584e-15 1.318879066315397899e-21 7.756791146770828798e-26 1.950622666548279815e-01 3.444047873134130584e-15 1.318879066315397899e-21 7.756791146770828798e-26 1.874480106367944765e-01 3.315866114846899738e-15 1.270276199707627884e-21 7.472162407038460909e-26 1.519017889800865564e-02 3.046420821111438613e-16 1.197043377327124825e-22 7.118570890888459428e-27 9.419714992057829153e-03 1.937871723282540164e-16 7.653987125452297041e-23 4.561787548960582405e-27 7.693028853809567510e-03 1.600106207558599669e-16 6.334003100866785782e-23 3.778691116902364378e-27
1.957020370632337469e-01 1.159433944993797845e-15 2.667538093590115824e-22 1.121263446876212198e-26 1.957020370632337469e-01 1.159433944993797845e-15 2.667538093590115824e-22 1.121263446876212198e-26 1.957020370632337469e-01 1.159433944993797845e-15 2.667538093590115824e-22 1.121263446876212198e-26 1.957020370632337469e-01 1.159433944993797845e-15 2.667538093590115824e-22 1.121263446876212198e-26 1.878058855601914268e-01 1.114829332805676831e-15 2.565925765818408668e-22 1.078734552229274723e-26 1.396144483712684001e-02 9.436698804582649838e-17 2.229741785758735220e-23 9.480322868249380610e-28 8.516943288567438083e-03 5.910376264232061648e-17 1.404008224370755736e-23 5.983232299778181542e-28 6.907578061173325241e-03 4.848257119801192180e-17 1.154357323361066234e-23 4.924210456227444852e-28
1.962898785434780968e-01 3.902144281246454817e-16 5.393823930137229849e-23 1.620368199735865487e-27 1.962898785434780968e-01 3.902144281246454817e-16 5.393823930137229849e-23 1.620368199735865487e-27 1.962898785434780968e-01 3.902144281246454817e-16 5.393823930137229849e-23 1.620368199735865487e-27 1.962898785434780968e-01 3.902144281246454817e-16 5.393823930137229849e-23 1.620368199735865487e-27 1.881126721901238696e-01 3.747143109909153907e-16 5.181679016368892558e-23 1.556909500552227232e-27 1.282859529899164908e-02 2.922345478861911577e-17 4.152221582572685197e-24 1.262218980438851450e-28 7.698589594068131967e-03 1.802132231693349050e-17 2.574737728114331651e-24 7.845454257518261270e-29 6.200628742902265442e-03 1.468601493837011918e-17 2.103215342692153622e-24 6.415245892977098310e-29
1.968301760188091165e-01 1.312961140911211242e-16 1.090370614103309756e-23 2.341051650755879993e-28 1.968301760188091165e-01 1.312961140911211242e-16 1.090370614103309756e-23 2.341051650755879993e-28 1.968301760188091165e-01 1.312961140911211242e-16 1.090370614103309756e-23 2.341051650755879993e-28 1.968301760188091165e-01 1.312961140911211242e-16 1.090370614103309756e-23 2.341051650755879993e-28 1.883727737303931282e-01 1.259167253141385685e-16 1.046136063182259969e-23 2.246484342798921899e-28 1.178473403784051875e-02 9.047633152932328704e-18 7.730337116565482602e-25 1.680112056364520289e-29 6.957138783497758723e-03 5.493514648821935402e-18 4.720504870524932477e-25 1.028471905632061163e-29 5.564649373031286053e-03 4.447484649601698550e-18 3.831063852379290475e-25 8.355687307586775892e-30
1.973269843302557780e-01 4.416735638149410246e-17 2.203700118253282993e-24 3.381499001273198883e-29 1.973269843302557780e-01 4.416735638149410246e-17 2.203700118253282993e-24 3.381499001273198883e-29 1.973269843302557780e-01 4.416735638149410246e-17 2.203700118253282993e-24 3.381499001273198883e-29 1.973269843302557780e-01 4.416735638149410246e-17 2.203700118253282993e-24 3.381499001273198883e-29 1.885902542835786733e-01 4.230264808087859276e-17 2.111576566720492126e-24 3.240741693300022362e-29 1.082336079629213875e-02 2.800528775880813060e-18 1.438858132042094086e-25 2.235853891283692370e-30 6.285675599978533985e-03 1.674232153113850215e-18 8.652580765870556736e-26 1.347933694180530957e-30 4.992771999127522918e-03 1.346563269559102847e-18 6.976809320149082613e-26 1.088060050792785241e-30
1.977840447683379133e-01 1.485459804509177825e-17 4.452878216301923143e-25 4.883346012777861707e-30 1.977840447683379133e-01 1.485459804509177825e-17 4.452878216301923143e-25 4.883346012777861707e-30 1.977840447683379133e-01 1.485459804509177825e-17 4.452878216301923143e-25 4.883346012777861707e-30 1.977840447683379133e-01 1.485459804509177825e-17 4.452878216301923143e-25 4.883346012777861707e-30 1.887688565731077406e-01 1.420893944558036566e-17 4.261234838954090292e-25 4.674072152879864372e-30 9.938367878635839467e-03 8.666737983004112181e-19 2.677614732614754467e-26 2.974809520709884041e-31 5.677850632028128529e-03 5.101427997431411569e-19 1.585672759721942299e-26 1.766262783750631359e-31 4.478745842876445844e-03 4.076146776433362987e-19 1.270296380677385297e-26 1.416557783820300774e-31
1.982048035008757425e-01 4.995035203300117084e-18 8.995955322231397674e-26 7.050889059500551428e-31 1.982048035008757425e-01 4.995035203300117084e-18 8.995955322231397674e-26 7.050889059500551428e-31 1.982048035008757425e-01 4.995035203300117084e-18 8.995955322231397674e-26 7.050889059500551428e-31 1.982048035008757425e-01 4.995035203300117084e-18 8.995955322231397674e-26 7.050889059500551428e-31 1.889120229587482602e-01 4.771708774933656598e-18 8.597699502300298875e-26 6.740072462911637692e-31 9.124029607633310501e-03 2.681575214736067193e-19 4.981921620479743266e-27 3.957250969315683706e-32 5.127843416201594007e-03 1.554127482157294431e-19 2.905362087334041188e-27 2.313986936175845125e-32 4.016890013913754220e-03 1.233649269801465584e-19 2.312448715015357721e-27 1.843888122307068507e-32
1.985924295136492213e-01 1.679352227349118765e-18 1.817102202262525071e-26 1.017878304826010714e-31 1.985924295136492213e-01 1.679352227349118765e-18 1.817102202262525071e-26 1.017878304826010714e-31 1.985924295136492213e-01 1.679352227349118765e-18 1.817102202262525071e-26 1.017878304826010714e-31 1.985924295136492213e-01 1.679352227349118765e-18 1.817102202262525071e-26 1.017878304826010714e-31 1.890229128155290483e-01 1.602181809767342640e-18 1.734421525950213523e-26 9.717606726030428098e-32 8.374991781394024171e-03 8.295649329365951825e-20 9.267695986437440575e-28 5.263251370809334757e-33 4.630327736785879757e-03 4.733776010175983745e-20 5.322469111382605858e-28 3.031047013242124202e-33 3.602049611694252505e-03 3.733015778828751392e-20 4.208868785491328532e-28 2.399722736275339009e-33
1.989498329107048935e-01 5.645174540880803716e-19 3.669811505600756700e-27 1.469197472943228916e-32 1.989498329107048935e-01 5.645174540880803716e-19 3.669811505600756700e-27 1.469197472943228916e-32 1.989498329107048935e-01 5.645174540880803716e-19 3.669811505600756700e-27 1.469197472943228916e-32 1.989498329107048935e-01 5.645174540880803716e-19 3.669811505600756700e-27 1.469197472943228916e-32 1.891044217536211325e-01 5.378758040767987344e-19 3.498318871532779308e-27 1.400833172549636915e-32 7.686257322787779303e-03 2.565922746053451355e-20 1.723770547121730423e-28 6.999184133912645282e-34 4.180436439230368270e-03 1.441656010457422328e-20 9.748974015139846843e-29 3.969696650288418934e-34 3.229552841541113387e-03 1.129434012648264842e-20 7.659344089482750243e-29 3.122629677223409502e-34
1.992796817576130419e-01 1.897367828790557089e-19 7.410486830641532905e-28 2.120328086605829268e-33 1.992796817576130419e-01 1.897367828790557089e-19 7.410486830641532905e-28 2.120328086605829268e-33 1.992796817576130419e-01 1.897367828790557089e-19 7.410486830641532905e-28 2.120328086605829268e-33 1.992796817576130419e-01 1.897367828790557089e-19 7.410486830641532905e-28 2.120328086605829268e-33 1.891592040624606175e-01 1.805472194880834823e-19 7.055092550798882260e-28 2.019073368930023805e-33 7.053170746205588738e-03 7.935526414563973547e-21 3.205723838345325963e-29 9.306356811401415957e-35 3.773727562846077195e-03 4.389900148389555016e-21 1.785433702694875078e-29 5.198296195226315110e-35 2.895170598035431368e-03 3.416653880137938366e-21 1.393660080567869572e-29 4.062739588237804020e-35
1.995844206137376564e-01 6.376316375541870276e-20 1.496214600199883819e-28 3.059638565374839310e-34 1.995844206137376564e-01 6.376316375541870276e-20 1.496214600199883819e-28 3.059638565374839310e-34 1.995844206137376564e-01 6.376316375541870276e-20 1.496214600199883819e-28 3.059638565374839310e-34 1.995844206137376564e-01 6.376316375541870276e-20 1.496214600199883819e-28 3.059638565374839310e-34 1.891896838379450441e-01 6.059597428198190932e-20 1.422624257818807381e-28 2.909792067791576352e-34 6.471402472319029604e-03 2.453874988262089734e-21 5.960974787165283395e-30 1.237247279938850724e-35 3.406152358649293388e-03 1.336571623411830653e-21 3.269438282015478459e-30 6.806272329646450656e-36 2.595078876136011192e-03 1.033441122232849835e-21 2.535518426251245053e-30 5.285208435662018183e-36
1.998662857350335387e-01 2.142582252379975176e-20 3.020580105630781590e-29 4.414550684742918211e-35 1.998662857350335387e-01 2.142582252379975176e-20 3.020580105630781590e-29 4.414550684742918211e-35 1.998662857350335387e-01 2.142582252379975176e-20 3.020580105630781590e-29 4.414550684742918211e-35 1.998662857350335387e-01 2.142582252379975176e-20 3.020580105630781590e-29 4.414550684742918211e-35 1.891980774164357393e-01 2.033508850393951435e-20 2.868316230753983391e-29 4.192964031618207292e-35 5.936931931667202914e-03 7.587152368130759371e-22 1.108302065420835836e-30 1.644685998625302882e-36 3.074024427804230263e-03 4.068924034206233514e-22 5.986214980452105285e-31 8.910608712084933673e-37 2.325823283958614734e-03 3.125505546185123107e-22 4.612394687273540986e-31 6.874720319027450215e-37
2.001273220125569796e-01 7.198783118213936553e-21 6.097344981026226149e-30 6.368788535026753515e-36 2.001273220125569796e-01 7.198783118213936553e-21 6.097344981026226149e-30 6.368788535026753515e-36 2.001273220125569796e-01 7.198783118213936553e-21 6.097344981026226149e-30 6.368788535026753515e-36 2.001273220125569796e-01 7.198783118213936553e-21 6.097344981026226149e-30 6.368788535026753515e-36 1.891864076023976604e-01 6.823423176159110944e-21 5.782528688862208183e-30 6.041353705107680708e-36 5.446029188723077764e-03 2.345629505321826896e-22 2.060408052459924438e-31 2.186068272166429926e-37 2.773989760022439657e-03 1.238571905546750702e-22 1.095937463203970489e-31 1.166432795847295894e-37 2.084285398628878561e-03 9.451682668110454735e-23 8.389585002191703628e-32 8.941333072914461150e-38
2.003693975951796880e-01 2.418459549849086056e-21 1.230691864401448559e-30 9.187245102815471989e-37 2.003693975951796880e-01 2.418459549849086056e-21 1.230691864401448559e-30 9.187245102815471989e-37 2.003693975951796880e-01 2.418459549849086056e-21 1.230691864401448559e-30 9.187245102815471989e-37 2.003693975951796880e-01 2.418459549849086056e-21 1.230691864401448559e-30 9.187245102815471989e-37 1.891565173847667980e-01 2.289373764437992591e-21 1.165646107660677242e-30 8.703732713521531408e-37 4.995239200430683611e-03 7.251008959335835082e-23 3.830070342045272267e-32 2.905379465301253335e-38 2.503000147898948747e-03 3.769826265372080996e-23 2.006216070034451592e-32 1.526759176890415380e-38 1.867652886184821949e-03 2.857962206032452112e-23 1.525854015558630848e-32 1.162807976942484758e-38
2.005942169850149226e-01 8.124199718592642894e-22 2.483818837754003650e-31 1.325182833999956378e-37 2.005942169850149226e-01 8.124199718592642894e-22 2.483818837754003650e-31 1.325182833999956378e-37 2.005942169850149226e-01 8.124199718592642894e-22 2.483818837754003650e-31 1.325182833999956378e-37 2.005942169850149226e-01 8.124199718592642894e-22 2.483818837754003650e-31 1.325182833999956378e-37 1.891100884247202962e-01 7.680564236090443587e-22 2.349512004114801564e-31 1.253830577167152391e-37 4.581364938524755404e-03 2.241298798369982911e-23 7.119058350179738332e-33 3.861039947974123649e-39 2.258287462193441821e-03 1.147317957022357907e-23 3.672247809305963496e-33 1.998221833635061657e-39 1.673391234501840456e-03 8.641043611848620076e-24 2.774903328120406950e-33 1.512084627845111228e-39
2.008033349662530220e-01 2.728901669385716360e-22 5.012519047723191308e-32 1.911313083789888808e-38 2.008033349662530220e-01 2.728901669385716360e-22 5.012519047723191308e-32 1.911313083789888808e-38 2.008033349662530220e-01 2.728901669385716360e-22 5.012519047723191308e-32 1.911313083789888808e-38 2.008033349662530220e-01 2.728901669385716360e-22 5.012519047723191308e-32 1.911313083789888808e-38 1.890486535716850991e-01 2.576529300431418844e-22 4.735372574545374797e-32 1.806082995811075350e-38 4.201450051154007048e-03 6.927345186593782729e-24 1.323134851714690256e-33 5.130639276356625067e-40 2.037339166986778128e-03 3.491499981500629309e-24 6.721281025740127854e-34 2.615066029519634661e-40 1.499217345162057961e-03 2.612412360732626017e-24 5.046015124226787041e-34 1.966119956683264563e-40
2.009981690894822037e-01 9.165662706445899904e-23 1.011488254099513804e-32 2.756490832742536595e-39 2.009981690894822037e-01 9.165662706445899904e-23 1.011488254099513804e-32 2.756490832742536595e-39 2.009981690894822037e-01 9.165662706445899904e-23 1.011488254099513804e-32 2.756490832742536595e-39 2.009981690894822037e-01 9.165662706445899904e-23 1.011488254099513804e-32 2.756490832742536595e-39 1.889736068390955592e-01 8.642626347040455725e-23 9.543316615407093576e-33 2.601388658413494335e-39 3.852763945454323272e-03 2.140931637604585958e-24 2.458977562805339950e-34 6.817224065559432484e-41 1.837876679019569961e-03 1.062451808293315335e-24 1.230101847569342705e-34 3.422083175388601004e-41 1.343076178501733916e-03 7.897437977785570450e-25 9.175256180301412112e-35 2.556306271871781785e-41
2.011800114467116596e-01 3.078303572406338676e-23 2.040972920515262211e-33 3.975143975607667753e-40 2.011800114467116596e-01 3.078303572406338676e-23 2.040972920515262211e-33 3.975143975607667753e-40 2.011800114467116596e-01 3.078303572406338676e-23 2.040972920515262211e-33 3.975143975607667753e-40 2.011800114467116596e-01 3.078303572406338676e-23 2.040972920515262211e-33 3.975143975607667753e-40 1.888862148780706685e-01 2.898864944518210421e-23 1.923163040434451623e-33 3.746660785413041509e-40 3.532786068342047298e-03 6.616229421748576129e-25 4.569585504298547920e-35 9.057648031300961182e-42 1.657834526332269826e-03 3.232795700427004995e-25 2.251136922662714503e-35 4.477857686551888038e-42 1.203118740408492962e-03 2.387275595087663040e-25 1.668244457048239433e-35 3.323438145371119813e-42
2.013500383203869204e-01 1.033792208822101853e-23 4.118014530068924052e-34 5.732227349525698957e-41 2.013500383203869204e-01 1.033792208822101853e-23 4.118014530068924052e-34 5.732227349525698957e-41 2.013500383203869204e-01 1.033792208822101853e-23 4.118014530068924052e-34 5.732227349525698957e-41 2.013500383203869204e-01 1.033792208822101853e-23 4.118014530068924052e-34 5.732227349525698957e-41 1.887876317657056213e-01 9.722645778087979253e-24 3.875315911974239654e-34 5.395823596478828841e-41 3.239191356485777301e-03 2.044526350851387070e-25 8.491285632340974164e-36 1.203365932932818643e-42 1.495341389473168201e-03 9.836072307435075785e-26 4.119430543414767104e-36 5.859012786317099967e-43 1.077682206787815983e-03 7.215947089080110348e-26 3.033022481809102083e-36 4.320527386105349648e-43
2.015093207163658195e-01 3.471615462639933096e-24 8.308355243900903730e-35 8.265526101302000971e-42 2.015093207163658195e-01 3.471615462639933096e-24 8.308355243900903730e-35 8.265526101302000971e-42 2.015093207163658195e-01 3.471615462639933096e-24 8.308355243900903730e-35 8.265526101302000971e-42 2.015093207163658195e-01 3.471615462639933096e-24 8.308355243900903730e-35 8.265526101302000971e-42 1.886789059615167630e-01 3.260749959832185933e-24 7.808626890464683166e-35 7.770476730333430883e-42 2.969836564542432771e-03 6.317591839820486503e-26 1.577781238901435657e-36 1.598662103833101546e-43 1.348702730243954298e-03 2.992553270610367716e-26 7.537879364178101714e-37 7.665761958924259184e-44 9.652718782335047674e-04 2.181026080159988934e-26 5.514019597936895963e-37 5.616459884710942040e-44
2.016588330983427046e-01 1.165758825677180538e-24 1.676181253774436799e-35 1.191780664644888433e-42 2.016588330983427046e-01 1.165758825677180538e-24 1.676181253774436799e-35 1.191780664644888433e-42 2.016588330983427046e-01 1.165758825677180538e-24 1.676181253774436799e-35 1.191780664644888433e-42 2.016588330983427046e-01 1.165758825677180538e-24 1.676181253774436799e-35 1.191780664644888433e-42 1.885609906779046052e-01 1.093526401224904279e-24 1.573334165163480090e-35 1.118964546708670787e-42 2.722747330067479613e-03 1.952042692018198924e-26 2.931561578408319108e-37 2.123706731782516569e-44 1.216384832643612086e-03 9.104183332175147775e-27 1.379240838685924792e-37 1.002917339229657420e-44 8.645447660133888639e-04 6.591850028572948311e-27 1.002397377724578721e-37 7.300750400844587037e-45
2.017994622427195239e-01 3.914412322025499496e-25 3.381486521435881337e-36 1.718315582414997957e-43 2.017994622427195239e-01 3.914412322025499496e-25 3.381486521435881337e-36 1.718315582414997957e-43 2.017994622427195239e-01 3.914412322025499496e-25 3.381486521435881337e-36 1.718315582414997957e-43 2.017994622427195239e-01 3.914412322025499496e-25 3.381486521435881337e-36 1.718315582414997957e-43 1.884347512601306229e-01 3.667092035427196297e-25 3.169918066195214992e-36 1.611260464140476301e-43 2.496105429439893567e-03 6.031258843911002587e-27 5.446683790568058939e-38 2.821066446444472394e-45 1.096999876448584259e-03 2.769625422595501046e-27 2.523550331095572575e-38 1.312066624318894869e-45 7.742944631027544105e-04 1.992208221766074824e-27 1.822185091124986786e-38 9.489717656067986781e-46
