1.047561408947962538e-03 2.693211457198324901e-02 4.949072984384761398e-02 5.255979951531263711e-02 1.047561408947962538e-03 2.693211457198324901e-02 4.949072984384761398e-02 5.255979951531263711e-02 1.047561408947962538e-03 2.693211457198324901e-02 4.949072984384761398e-02 5.255979951531263711e-02 1.047561408947962538e-03 2.693211457198324901e-02 4.949072984384761398e-02 5.255979951531263711e-02 1.046523553495546863e-03 2.689221360577240955e-02 4.941577434452839451e-02 5.247989358893891121e-02 1.309169941025892193e-03 2.470171021105309339e-02 4.495247269640010451e-02 4.766391099052644936e-02 1.429470443175167530e-03 2.419776642283636911e-02 4.401902699658003654e-02 4.668021301108966209e-02 1.399553183645132950e-03 2.390438375440149740e-02 4.356662892753979804e-02 4.622046696862571608e-02
2.498157148925251073e-05 1.651199159166216734e-02 5.575788212665259286e-02 6.288773521263588129e-02 2.498157148925251073e-05 1.651199159166216734e-02 5.575788212665259286e-02 6.288773521263588129e-02 2.498157148925251073e-05 1.651199159166216734e-02 5.575788212665259286e-02 6.288773521263588129e-02 2.498157148925251073e-05 1.651199159166216734e-02 5.575788212665259286e-02 6.288773521263588129e-02 2.493121214070657778e-05 1.646366102168484238e-02 5.559100524654402020e-02 6.269879785978123288e-02 3.910626189738256628e-05 1.392215432295794766e-02 4.610622558716113983e-02 5.183603221307801767e-02 4.664472106397153477e-05 1.336598848543322539e-02 4.423147272907312910e-02 4.974119140810804446e-02 4.472148312761013033e-05 1.304640671106860328e-02 4.333549108616607110e-02 4.877580764095454380e-02
5.628601356248041778e-07 9.564323094765325370e-03 5.934914338528695515e-02 7.108925850898478727e-02 5.628601356248041778e-07 9.564323094765325370e-03 5.934914338528695515e-02 7.108925850898478727e-02 5.628601356248041778e-07 9.564323094765325370e-03 5.934914338528695515e-02 7.108925850898478727e-02 5.628601356248041778e-07 9.564323094765325370e-03 5.934914338528695515e-02 7.108925850898478727e-02 5.610508216076449440e-07 9.522577010611477794e-03 5.908424150220453752e-02 7.077073338437012140e-02 1.104077613655046942e-06 7.416107409001631082e-03 4.469466665540948458e-02 5.327997036105602130e-02 1.438680776371392420e-06 6.978302625133125416e-03 4.200928361062591931e-02 5.009823809663911665e-02 1.350801422901561457e-06 6.730406478747771003e-03 4.074464217783701353e-02 4.865322468103869952e-02
1.232002324063768737e-08 5.373960476610794776e-03 6.127849492698396461e-02 7.795203617150166242e-02 1.232002324063768737e-08 5.373960476610794776e-03 6.127849492698396461e-02 7.795203617150166242e-02 1.232002324063768737e-08 5.373960476610794776e-03 6.127849492698396461e-02 7.795203617150166242e-02 1.232002324063768737e-08 5.373960476610794776e-03 6.127849492698396461e-02 7.795203617150166242e-02 1.226326439043551102e-08 5.342805024613022508e-03 6.091518402663945175e-02 7.748808652054409163e-02 3.028416757360677320e-08 3.832825407894582901e-03 4.203637834953333902e-02 5.313365069663628787e-02 4.310926112937112017e-08 3.535000818167308590e-03 3.871240510313355560e-02 4.895755544238270668e-02 3.963803226354042898e-08 3.368916366285243033e-03 3.717028139220455302e-02 4.708876997676168796e-02
2.652643718549362379e-10 2.963971416000301187e-03 6.210706964243870032e-02 8.390546664837641999e-02 2.652643718549362379e-10 2.963971416000301187e-03 6.210706964243870032e-02 8.390546664837641999e-02 2.652643718549362379e-10 2.963971416000301187e-03 6.210706964243870032e-02 8.390546664837641999e-02 2.652643718549362379e-10 2.963971416000301187e-03 6.210706964243870032e-02 8.390546664837641999e-02 2.636424583095271505e-10 2.942553083245466605e-03 6.164808301678827152e-02 8.328298716003561253e-02 8.172782095074880633e-10 1.944710904971451828e-03 3.881395241329978901e-02 5.201975775006673769e-02 1.270994819575503874e-09 1.758056890915501774e-03 3.502343344340363984e-02 4.697001333153526248e-02 1.144478228714447111e-09 1.655569657617520082e-03 3.329120250128449199e-02 4.474364446212336643e-02
5.629644860656001774e-12 1.615936556818140099e-03 6.222211072002318405e-02 8.927375502213921732e-02 5.629644860656001774e-12 1.615936556818140099e-03 6.222211072002318405e-02 8.927375502213921732e-02 5.629644860656001774e-12 1.615936556818140099e-03 6.222211072002318405e-02 8.927375502213921732e-02 5.629644860656001774e-12 1.615936556818140099e-03 6.222211072002318405e-02 8.927375502213921732e-02 5.586783486461304442e-12 1.601955713549601092e-03 6.167154529817027442e-02 8.848077130712787841e-02 2.174632624466831664e-11 9.754281891833212160e-04 3.542865668591037992e-02 5.034672606485224300e-02 3.695255156170495482e-11 8.643452442745892502e-04 3.132407102101461560e-02 4.454844595168361288e-02 3.258693714486672235e-11 8.043007552687402159e-04 2.947656726214338205e-02 4.202997719150793760e-02
1.185732490232204381e-13 8.743379170057585326e-04 6.186615876034314704e-02 9.426751517953201043e-02 1.185732490232204381e-13 8.743379170057585326e-04 6.186615876034314704e-02 9.426751517953201043e-02 1.185732490232204381e-13 8.743379170057585326e-04 6.186615876034314704e-02 9.426751517953201043e-02 1.185732490232204381e-13 8.743379170057585326e-04 6.186615876034314704e-02 9.426751517953201043e-02 1.174926836313734614e-13 8.655292643967842786e-04 6.122871273830615690e-02 9.329245965600933832e-02 5.742841270424834267e-13 4.855815680248120399e-04 3.209579526288915824e-02 4.836161352449416112e-02 1.066286554966031638e-12 4.217669820685807135e-04 2.780537075542623832e-02 4.193488370230175066e-02 9.208951591166970780e-13 3.878130201176983416e-04 2.590342671485579631e-02 3.918499938043259329e-02
2.484265353711987045e-15 4.705608573831449168e-04 6.118472935194339823e-02 9.901062361696644221e-02 2.484265353711987045e-15 4.705608573831449168e-04 6.118472935194339823e-02 9.901062361696644221e-02 2.484265353711987045e-15 4.705608573831449168e-04 6.118472935194339823e-02 9.901062361696644221e-02 2.484265353711987045e-15 4.705608573831449168e-04 6.118472935194339823e-02 9.901062361696644221e-02 2.457916165551215189e-15 4.651518049456145228e-04 6.046542888147157790e-02 9.784212906181058433e-02 1.508645499903808463e-14 2.404506708053630966e-04 2.892267816137224570e-02 4.620907111992592770e-02 3.060729893711921130e-14 2.047188787030961802e-04 2.455156413424013431e-02 3.926614917584688585e-02 2.588806276437425181e-14 1.860062784395967450e-04 2.264325424054608113e-02 3.633974228663695849e-02
5.183876870716863821e-17 2.522250167853924848e-04 6.026550639684505328e-02 1.035708183168954355e-01 5.183876870716863821e-17 2.522250167853924848e-04 6.026550639684505328e-02 1.035708183168954355e-01 5.183876870716863821e-17 2.522250167853924848e-04 6.026550639684505328e-02 1.035708183168954355e-01 5.183876870716863821e-17 2.522250167853924848e-04 6.026550639684505328e-02 1.035708183168954355e-01 5.121174027704630951e-17 2.489680996353154253e-04 5.946962382985655771e-02 1.021977401632255950e-01 3.947331872586648923e-16 1.185870844937726910e-04 2.595831319596442546e-02 4.397453888265008548e-02 8.750517388820499634e-16 9.896762457665023529e-05 2.159133902945335054e-02 3.661939102016956854e-02 7.248488275003488232e-16 8.885538723544350148e-05 1.971384820616581962e-02 3.356562855446800636e-02
1.078122383934236212e-18 1.347475086412894089e-04 5.916362838798942814e-02 1.079824664022484421e-01 1.078122383934236212e-18 1.347475086412894089e-04 5.916362838798942814e-02 1.079824664022484421e-01 1.078122383934236212e-18 1.347475086412894089e-04 5.916362838798942814e-02 1.079824664022484421e-01 1.078122383934236212e-18 1.347475086412894089e-04 5.916362838798942814e-02 1.079824664022484421e-01 1.063479367210483914e-18 1.328168154391129452e-04 5.829665132608100042e-02 1.063939799561358091e-01 1.029403343491192246e-17 5.829329016475344347e-05 2.322117591712393597e-02 4.171047419178111615e-02 2.493499838156171192e-17 4.768700868324390863e-05 1.892568773855572012e-02 3.403890692610763574e-02 2.022846531478940372e-17 4.230701905739660452e-05 1.710710320847960014e-02 3.090154740687382773e-02
2.235758150045089548e-20 7.178172756527041016e-05 5.791637458837962243e-02 1.122611936170070657e-01 2.235758150045089548e-20 7.178172756527041016e-05 5.791637458837962243e-02 1.122611936170070657e-01 2.235758150045089548e-20 7.178172756527041016e-05 5.791637458837962243e-02 1.122611936170070657e-01 2.235758150045089548e-20 7.178172756527041016e-05 5.791637458837962243e-02 1.122611936170070657e-01 2.202076119776258173e-20 7.065178254089211018e-05 5.698397329677854645e-02 1.104468969455911498e-01 2.676817278336305240e-19 2.857383666932819207e-05 2.071384692075689538e-02 3.945097797007665608e-02 7.084961986665417770e-19 2.291276338620311446e-05 1.654223624386235575e-02 3.155081253142371506e-02 5.629005092140852235e-19 2.008686913767960256e-05 1.480310108175630912e-02 2.836853002621242750e-02
4.624257039250265903e-22 3.814180161640795687e-05 5.655123201579153464e-02 1.164126573350030419e-01 4.624257039250265903e-22 3.814180161640795687e-05 5.655123201579153464e-02 1.164126573350030419e-01 4.624257039250265903e-22 3.814180161640795687e-05 5.655123201579153464e-02 1.164126573350030419e-01 4.624257039250265903e-22 3.814180161640795687e-05 5.655123201579153464e-02 1.164126573350030419e-01 4.547745908648142263e-22 3.748758197206268579e-05 5.555921371069087733e-02 1.143626541982655093e-01 6.942560132509761317e-21 1.397076002774712634e-05 1.843057147665928472e-02 3.721961748021899996e-02 2.007866821636213177e-20 1.098140251248544159e-05 1.442247245124231997e-02 2.917080685173281326e-02 1.562320587851167980e-20 9.512959675630702173e-06 1.277710651802809946e-02 2.597747999933037663e-02
9.527812526498432986e-24 2.021993856481112370e-05 5.509016908917566818e-02 1.204375971668159157e-01 9.527812526498432986e-24 2.021993856481112370e-05 5.509016908917566818e-02 1.204375971668159157e-01 9.527812526498432986e-24 2.021993856481112370e-05 5.509016908917566818e-02 1.204375971668159157e-01 9.527812526498432986e-24 2.021993856481112370e-05 5.509016908917566818e-02 1.204375971668159157e-01 9.355972786449566704e-24 1.983934641238958195e-05 5.404442300885882455e-02 1.181425568957697458e-01 1.793765584561492671e-22 6.815057684763884385e-06 1.636118928236683992e-02 3.503354340336872763e-02 5.668673968782838736e-22 5.250945536714318130e-06 1.254540194868172288e-02 2.690826514047115620e-02 4.319753069270334995e-22 4.494889287128936776e-06 1.100302915641582224e-02 2.373324614692054815e-02
1.958907340873850260e-25 1.069613010147541735e-05 5.355183491504160453e-02 1.243346505757517567e-01 1.958907340873850260e-25 1.069613010147541735e-05 5.355183491504160453e-02 1.243346505757517567e-01 1.958907340873850260e-25 1.069613010147541735e-05 5.355183491504160453e-02 1.243346505757517567e-01 1.958907340873850260e-25 1.069613010147541735e-05 5.355183491504160453e-02 1.243346505757517567e-01 1.920663479960721065e-25 1.047664027287282273e-05 5.245827272157518179e-02 1.217858444232817750e-01 4.624740283530543835e-24 3.317366689901567012e-06 1.449323641621396049e-02 3.290566451718891089e-02 1.596999366871293169e-23 2.505491292956502373e-06 1.088942940131009188e-02 2.476843895594088921e-02 1.191858899695293632e-23 2.119329861114105064e-06 9.455145732331034225e-03 2.163682252046201029e-02
4.019454188979778351e-27 5.646856767820638203e-06 5.195266821650184469e-02 1.281018861148775778e-01 4.019454188979778351e-27 5.646856767820638203e-06 5.195266821650184469e-02 1.281018861148775778e-01 4.019454188979778351e-27 5.646856767820638203e-06 5.195266821650184469e-02 1.281018861148775778e-01 4.019454188979778351e-27 5.646856767820638203e-06 5.195266821650184469e-02 1.281018861148775778e-01 3.935013233485804832e-27 5.521204490040419303e-06 5.081716423879773653e-02 1.252912079387468736e-01 1.190001996937505494e-25 1.611596772182434057e-06 1.281311871889985639e-02 3.084581374171025542e-02 4.490223147811865253e-25 1.193131707918335111e-06 9.433346180921876878e-03 2.275368171706139767e-02 3.281943788176984755e-25 9.972836786919438037e-07 8.108953057589393665e-03 1.968658643703461233e-02
8.232065445470463761e-29 2.975621418743494096e-06 5.030743411750534383e-02 1.317375793231357894e-01 8.232065445470463761e-29 2.975621418743494096e-06 5.030743411750534383e-02 1.317375793231357894e-01 8.232065445470463761e-29 2.975621418743494096e-06 5.030743411750534383e-02 1.317375793231357894e-01 8.232065445470463761e-29 2.975621418743494096e-06 5.030743411750534383e-02 1.317375793231357894e-01 8.047025957627380708e-29 2.905240542905360954e-06 4.913576885427776986e-02 1.286575464954233805e-01 3.056349040254164805e-27 7.814756674852913133e-07 1.130682018395532187e-02 2.886143761606002611e-02 1.260165216227081488e-26 5.671280213855795004e-07 8.156872050704372032e-03 2.086421026678353385e-02 9.020576227291188546e-27 4.684212127611008303e-07 6.941591202169742313e-03 1.787907481694167577e-02
1.683024715029687063e-30 1.565279126180532742e-06 4.862948726382418374e-02 1.352405870915405484e-01 1.683024715029687063e-30 1.565279126180532742e-06 4.862948726382418374e-02 1.352405870915405484e-01 1.683024715029687063e-30 1.565279126180532742e-06 4.862948726382418374e-02 1.352405870915405484e-01 1.683024715029687063e-30 1.565279126180532742e-06 4.862948726382418374e-02 1.352405870915405484e-01 1.642724366725961047e-30 1.526067279758630748e-06 4.742729648707878082e-02 1.318843380150831190e-01 7.836183309974644095e-29 3.782881793704216359e-07 9.960344516194225700e-03 2.695801604891856149e-02 3.530490466132713403e-28 2.691058048658545800e-07 7.040942037108281412e-03 1.909859698048463686e-02 2.475060862049016064e-28 2.196362749821153101e-07 5.932024751203932543e-03 1.620948952842590426e-02
3.435267577764814733e-32 8.220487926377715430e-07 4.693090168218121833e-02 1.386104904779147384e-01 3.435267577764814733e-32 8.220487926377715430e-07 4.693090168218121833e-02 1.386104904779147384e-01 3.435267577764814733e-32 8.220487926377715430e-07 4.693090168218121833e-02 1.386104904779147384e-01 3.435267577764814733e-32 8.220487926377715430e-07 4.693090168218121833e-02 1.386104904779147384e-01 3.347981276990970367e-32 8.003077038289990632e-07 4.570363458596708728e-02 1.349717683488083353e-01 2.005860693816858050e-30 1.828211595662574211e-07 8.760010222646873526e-03 2.513936322019876685e-02 9.875036994541429644e-30 1.274859543172867095e-07 6.067855102636334798e-03 1.745413340710648409e-02 6.780068253700623831e-30 1.028180352915538450e-07 5.061096183104704313e-03 1.467206866112405646e-02
7.001090579139187921e-34 4.310625333429186683e-07 4.522254351000464662e-02 1.418476130968272519e-01 7.001090579139187921e-34 4.310625333429186683e-07 4.522254351000464662e-02 1.418476130968272519e-01 7.001090579139187921e-34 4.310625333429186683e-07 4.522254351000464662e-02 1.418476130968272519e-01 7.001090579139187921e-34 4.310625333429186683e-07 4.522254351000464662e-02 1.418476130968272519e-01 6.812956703854384903e-34 4.190610082738741792e-07 4.397542574064488424e-02 1.379207456291678680e-01 5.126695333542299107e-32 8.822088745944685027e-08 7.692652956045828785e-03 2.340786978278239228e-02 2.757936965933304534e-31 6.030367278339648346e-08 5.221337723388313166e-03 1.592712061156158557e-02 1.854490311122451041e-31 4.805925789946775384e-08 4.311503624773505017e-03 1.326037760934834116e-02
1.424790456071340873e-35 2.257158880696650172e-07 4.351412391627261511e-02 1.449529759785854466e-01 1.424790456071340873e-35 2.257158880696650172e-07 4.351412391627261511e-02 1.449529759785854466e-01 1.424790456071340873e-35 2.257158880696650172e-07 4.351412391627261511e-02 1.449529759785854466e-01 1.424790456071340873e-35 2.257158880696650172e-07 4.351412391627261511e-02 1.449529759785854466e-01 1.384422137605520233e-35 2.191173437426438817e-07 4.225212942487607815e-02 1.407328522568848939e-01 1.308455889219176857e-33 4.251084516989068485e-08 6.745762108470334042e-03 2.176470910016531021e-02 7.691583397599228695e-33 2.848455082956542268e-08 4.486550453112586254e-03 1.451310824103862508e-02 5.065253988377096613e-33 2.243207077246503812e-08 3.667730921625900285e-03 1.196754250603124584e-02
2.895735649539336476e-37 1.180328253332190385e-07 4.181425109353801434e-02 1.479282296684465980e-01 2.895735649539336476e-37 1.180328253332190385e-07 4.181425109353801434e-02 1.479282296684465980e-01 2.895735649539336476e-37 1.180328253332190385e-07 4.181425109353801434e-02 1.479282296684465980e-01 2.895735649539336476e-37 1.180328253332190385e-07 4.181425109353801434e-02 1.479282296684465980e-01 2.809468774633795522e-37 1.144182041237588835e-07 4.054207982998702525e-02 1.434102717369119540e-01 3.335085739654197777e-35 2.045741370507306594e-08 5.907565890811065576e-03 2.021000925335701692e-02 2.142269467582351761e-34 1.343687962769137431e-08 3.850053515167456419e-03 1.320708700793574858e-02 1.381672413739991378e-34 1.045647834178128952e-08 3.115946178904423474e-03 1.078643263870995850e-02
5.877982603193947536e-39 6.164522657230439485e-08 4.013048226715029698e-02 1.507755637496983048e-01 5.877982603193947536e-39 6.164522657230439485e-08 4.013048226715029698e-02 1.507755637496983048e-01 5.877982603193947536e-39 6.164522657230439485e-08 4.013048226715029698e-02 1.507755637496983048e-01 5.877982603193947536e-39 6.164522657230439485e-08 4.013048226715029698e-02 1.507755637496983048e-01 5.694313166793472477e-39 5.967185372652015946e-08 3.885254577682620281e-02 1.459556999225021801e-01 8.490231048445815595e-37 9.832439800724844673e-09 5.167086200088536439e-03 1.874302729245025737e-02 5.959329231404360947e-36 6.330642304905101497e-09 3.299751799020691264e-03 1.200366707195068931e-02 3.764212311049273519e-36 4.868129527149029784e-09 2.643887889284823444e-03 9.709822696510531440e-03
1.191776228744397474e-40 3.215784204125862257e-08 3.846938374020088952e-02 1.534976236293232599e-01 1.191776228744397474e-40 3.215784204125862257e-08 3.846938374020088952e-02 1.534976236293232599e-01 1.191776228744397474e-40 3.215784204125862257e-08 3.846938374020088952e-02 1.534976236293232599e-01 1.191776228744397474e-40 3.215784204125862257e-08 3.846938374020088952e-02 1.534976236293232599e-01 1.152804621931150496e-40 3.108384744068988446e-08 3.718979456591263444e-02 1.483722574806661809e-01 2.158896414781088138e-38 4.720261259357759417e-09 4.514160660282562701e-03 1.736229517299969077e-02 1.655848803490450778e-37 2.979147257016096684e-09 2.824819017768247491e-03 1.089721927903781681e-02 1.024338162550018539e-37 2.263778566673581523e-09 2.240738928613796900e-03 8.730515738219868371e-03
2.413743328829416509e-42 1.675705673414674590e-08 3.683659484304759035e-02 1.560974288436249857e-01 2.413743328829416509e-42 1.675705673414674590e-08 3.683659484304759035e-02 1.560974288436249857e-01 2.413743328829416509e-42 1.675705673414674590e-08 3.683659484304759035e-02 1.560974288436249857e-01 2.413743328829416509e-42 1.675705673414674590e-08 3.683659484304759035e-02 1.560974288436249857e-01 2.331309474633504800e-42 1.617422420415885412e-08 3.555916255860580577e-02 1.506634108104832614e-01 5.483735973432857670e-40 2.263587736949255228e-09 3.939443457979565667e-03 1.606575308275072153e-02 4.595963569875666556e-39 1.400436269186117872e-09 2.415611935272482958e-03 9.881994841753387326e-03 2.784488151773950176e-39 1.051557965683246811e-09 1.896998284807645350e-03 7.841442363623520734e-03
4.883689682202308394e-44 8.722932123876882331e-09 3.523689531971189309e-02 1.585782984664484419e-01 4.883689682202308394e-44 8.722932123876882331e-09 3.523689531971189309e-02 1.585782984664484419e-01 4.883689682202308394e-44 8.722932123876882331e-09 3.523689531971189309e-02 1.585782984664484419e-01 4.883689682202308394e-44 8.722932123876882331e-09 3.523689531971189309e-02 1.585782984664484419e-01 4.709821047553168110e-44 8.407485169399276705e-09 3.396512540323669976e-02 1.528328946814829781e-01 1.391503070453730750e-41 1.084389996556644615e-09 3.434389959884839513e-03 1.485087063765085265e-02 1.274369899169081222e-40 6.576460172837929696e-10 2.063579336391525593e-03 8.952225660482421646e-03 7.561545807270143741e-41 4.879667284863771798e-10 1.604354500328009385e-03 7.035739146685007946e-03
9.871753157782214054e-46 4.536382815503759850e-09 3.367427432934079479e-02 1.609437840229952510e-01 9.871753157782214054e-46 4.536382815503759850e-09 3.367427432934079479e-02 1.609437840229952510e-01 9.871753157782214054e-46 4.536382815503759850e-09 3.367427432934079479e-02 1.609437840229952510e-01 9.871753157782214054e-46 4.536382815503759850e-09 3.367427432934079479e-02 1.609437840229952510e-01 9.506005522484370288e-46 4.366075661204314571e-09 3.241137180728299177e-02 1.548846485415321383e-01 3.527631080486943537e-43 5.189898780410639113e-10 2.991228260541685304e-03 1.371475195379848883e-02 3.530253453863386029e-42 3.085366822525072596e-10 1.761168626647355772e-03 8.102204216696837560e-03 2.051480548660884486e-42 2.262211512037596012e-10 1.355563102042890797e-03 6.306806516758844787e-03
1.993685042071792645e-47 2.357035002830027672e-09 3.215199952681385698e-02 1.631976100117935036e-01 1.993685042071792645e-47 2.357035002830027672e-09 3.215199952681385698e-02 1.631976100117935036e-01 1.993685042071792645e-47 2.357035002830027672e-09 3.215199952681385698e-02 1.631976100117935036e-01 1.993685042071792645e-47 2.357035002830027672e-09 3.215199952681385698e-02 1.631976100117935036e-01 1.916937723884441130e-47 2.265299356992040490e-09 3.090087425122699932e-02 1.568227566565225106e-01 8.935115008408645344e-45 2.481669875463972362e-10 2.602922518615377340e-03 1.265423033966672772e-02 9.770894795298131397e-44 1.446217694919583998e-10 1.501733833200062001e-03 7.326349030710654735e-03 5.560865936393542873e-44 1.047824825152437309e-10 1.144330885094821913e-03 5.648352139522906830e-03
4.023091331958138270e-49 1.223647809341516228e-09 3.067268521748673510e-02 1.653436232503990577e-01 4.023091331958138270e-49 1.223647809341516228e-09 3.067268521748673510e-02 1.653436232503990577e-01 4.023091331958138270e-49 1.223647809341516228e-09 3.067268521748673510e-02 1.653436232503990577e-01 4.023091331958138270e-49 1.223647809341516228e-09 3.067268521748673510e-02 1.653436232503990577e-01 3.862410414289131736e-49 1.174340504492299676e-09 2.943596186626085479e-02 1.586513951287835955e-01 2.261309538053016837e-46 1.185674916802368007e-10 2.263129617776693525e-03 1.166594745541753124e-02 2.702126764223298484e-45 6.773256525254480270e-11 1.279446049026649549e-03 6.619253466486294327e-03 1.506123212847665167e-45 4.849325712021241196e-11 9.652075185384564665e-04 5.054418722441706043e-03
8.111995845294678179e-51 6.347521956884939206e-10 2.923835792337224973e-02 1.673857474755121311e-01 8.111995845294678179e-51 6.347521956884939206e-10 2.923835792337224973e-02 1.673857474755121311e-01 8.111995845294678179e-51 6.347521956884939206e-10 2.923835792337224973e-02 1.673857474755121311e-01 8.111995845294678179e-51 6.347521956884939206e-10 2.923835792337224973e-02 1.673857474755121311e-01 7.776319670430473289e-51 6.083029018435698489e-10 2.801838507707310119e-02 1.603747938166243114e-01 5.718551377488158937e-48 5.660397088099523311e-11 1.966152768048691577e-03 1.074642320586324459e-02 7.466950558810624044e-47 3.169724183993749023e-11 1.089208660866828856e-03 5.975723779023124280e-03 4.076100340985739818e-47 2.242509636481726869e-11 8.134859644018519647e-04 4.519401874523316757e-03
1.634488656970614918e-52 3.290266870200847277e-10 2.785051925928738042e-02 1.693279457734949422e-01 1.634488656970614918e-52 3.290266870200847277e-10 2.785051925928738042e-02 1.693279457734949422e-01 1.634488656970614918e-52 3.290266870200847277e-10 2.785051925928738042e-02 1.693279457734949422e-01 1.634488656970614918e-52 3.290266870200847277e-10 2.785051925928738042e-02 1.693279457734949422e-01 1.564496309302345646e-52 3.148654907558768052e-10 2.664938219160391253e-02 1.619971948566904518e-01 1.445106757321052790e-49 2.700283913483714565e-11 1.706893220994036347e-03 9.892114325045279349e-03 2.061905398758957389e-48 1.482269288089472630e-11 9.265777816207733560e-04 5.390806025064706977e-03 1.102344238655226872e-48 1.036260993321190699e-11 6.851115705387765629e-04 4.038058214152605123e-03
3.291113881860168923e-54 1.704344995736136616e-10 2.651020510637343633e-02 1.711741878023718133e-01 3.291113881860168923e-54 1.704344995736136616e-10 2.651020510637343633e-02 1.711741878023718133e-01 3.291113881860168923e-54 1.704344995736136616e-10 2.651020510637343633e-02 1.711741878023718133e-01 3.291113881860168923e-54 1.704344995736136616e-10 2.651020510637343633e-02 1.711741878023718133e-01 3.145433851927446929e-54 1.628656866854771611e-10 2.532973776297332835e-02 1.635228255125935892e-01 3.649405040126187367e-51 1.287281229436895149e-11 1.480801771270754633e-03 9.099463587226850822e-03 5.689871079442668268e-50 6.926831511778889090e-12 7.876885905072547860e-04 4.859804204187982181e-03 2.979188148247170437e-50 4.785265432016194474e-12 5.765999347904965421e-04 3.605506132280265376e-03
6.622619794432588723e-56 8.822717338229974885e-11 2.521804117048784266e-02 1.729284236373398731e-01 6.622619794432588723e-56 8.822717338229974885e-11 2.521804117048784266e-02 1.729284236373398731e-01 6.622619794432588723e-56 8.822717338229974885e-11 2.521804117048784266e-02 1.729284236373398731e-01 6.622619794432588723e-56 8.822717338229974885e-11 2.521804117048784266e-02 1.729284236373398731e-01 6.319933072579346648e-56 8.418849725133276791e-11 2.405983965089066035e-02 1.649558692875673083e-01 9.210250002883174095e-53 6.132785585414401451e-12 1.283830928555053071e-03 8.364939284641955894e-03 1.569145863720247106e-51 3.234914799988723949e-12 6.691876800556485283e-04 4.378290250657873757e-03 8.046479532804629193e-52 2.208329039856992178e-12 4.849631557704416692e-04 3.217220081876970283e-03
1.331865902975457502e-57 4.564397318380789070e-11 2.397429424254824207e-02 1.745945606801049821e-01 1.331865902975457502e-57 4.564397318380789070e-11 2.397429424254824207e-02 1.745945606801049821e-01 1.331865902975457502e-57 4.564397318380789070e-11 2.397429424254824207e-02 1.745945606801049821e-01 1.331865902975457502e-57 4.564397318380789070e-11 2.397429424254824207e-02 1.745945606801049821e-01 1.269085636618138064e-57 4.349226179247178738e-11 2.283973262567522144e-02 1.663004432636865371e-01 2.323088382298873093e-54 2.919981430654387209e-12 1.112389053908033722e-03 7.685068778434946471e-03 4.324830995903873809e-53 1.509834626672791524e-12 5.681717421835097643e-04 3.942109078119189133e-03 2.171995402235705619e-53 1.018497566689222041e-12 4.076442890948332796e-04 2.869021246768490869e-03
2.677020049565717364e-59 2.360028904023274347e-11 2.277891937584691773e-02 1.761764444611916558e-01 2.677020049565717364e-59 2.360028904023274347e-11 2.277891937584691773e-02 1.761764444611916558e-01 2.677020049565717364e-59 2.360028904023274347e-11 2.277891937584691773e-02 1.761764444611916558e-01 2.677020049565717364e-59 2.360028904023274347e-11 2.277891937584691773e-02 1.761764444611916558e-01 2.546997342733127622e-59 2.245557069107592784e-11 2.166916280929270452e-02 1.675605858169327278e-01 5.856277141191925168e-56 1.389494587019179653e-12 9.632966291582794986e-04 7.056464896083132314e-03 1.191342147531112126e-54 7.042886785838153008e-13 4.821321755112226593e-04 3.547378394417234019e-03 5.859674676667752663e-55 4.694735633362365384e-13 3.424592596129967179e-04 2.557064551417516200e-03
5.377975002643804391e-61 1.219605872814544405e-11 2.163160322287331280e-02 1.776778445095370251e-01 5.377975002643804391e-61 1.219605872814544405e-11 2.163160322287331280e-02 1.776778445095370251e-01 5.377975002643804391e-61 1.219605872814544405e-11 2.163160322287331280e-02 1.776778445095370251e-01 5.377975002643804391e-61 1.219605872814544405e-11 2.163160322287331280e-02 1.776778445095370251e-01 5.109089661151810462e-61 1.158789313849233846e-11 2.054762247680723061e-02 1.687402391300652227e-01 1.475552168996844944e-57 6.608508766728411756e-13 8.337449492354329647e-04 6.475845124832464716e-03 3.280053203688982776e-56 3.283539015468815536e-13 4.089053082531912448e-04 3.190483802239005295e-03 1.580029474448499192e-56 2.162880709799562237e-13 2.875456117655809008e-04 2.277822605582996169e-03
1.079882568233715452e-62 6.299476858549596975e-12 2.053180316115476439e-02 1.791024413759042255e-01 1.079882568233715452e-62 6.299476858549596975e-12 2.053180316115476439e-02 1.791024413759042255e-01 1.079882568233715452e-62 6.299476858549596975e-12 2.053180316115476439e-02 1.791024413759042255e-01 1.079882568233715452e-62 6.299476858549596975e-12 2.053180316115476439e-02 1.791024413759042255e-01 1.024350851541993323e-62 5.976785681551647639e-12 1.947438886143238942e-02 1.698432396099372743e-01 3.716028742140453053e-59 3.141480125648921707e-13 7.212579718347939504e-04 5.940048033636399077e-03 9.026445574043519034e-58 1.530094229036888737e-13 3.466282094252562461e-04 2.868072292439584423e-03 4.258419368569322786e-58 9.959525296896819599e-14 2.413177242767715672e-04 2.028069117040117147e-03
2.167397094285051034e-64 3.252264074434327658e-12 1.947878279115732025e-02 1.804538174048098687e-01 2.167397094285051034e-64 3.252264074434327658e-12 1.947878279115732025e-02 1.804538174048098687e-01 2.167397094285051034e-64 3.252264074434327658e-12 1.947878279115732025e-02 1.804538174048098687e-01 2.167397094285051034e-64 3.252264074434327658e-12 1.947878279115732025e-02 1.804538174048098687e-01 2.052858819802929854e-64 3.081252116257036197e-12 1.844855930927897028e-02 1.708733085875819013e-01 9.354242989103667028e-61 1.492666736848749935e-13 6.236568961471618960e-04 5.446044082988828194e-03 2.482891150519707205e-59 7.126760026999570879e-14 2.936993742054780409e-04 2.577042648414197210e-03 1.147193703960701491e-59 4.583980790940354706e-14 2.024276233671919091e-04 1.804860677790791519e-03
4.348278600176004272e-66 1.678325238053046632e-12 1.847164375570753414e-02 1.817354490166972203e-01 4.348278600176004272e-66 1.678325238053046632e-12 1.847164375570753414e-02 1.817354490166972203e-01 4.348278600176004272e-66 1.678325238053046632e-12 1.847164375570753414e-02 1.817354490166972203e-01 4.348278600176004272e-66 1.678325238053046632e-12 1.847164375570753414e-02 1.817354490166972203e-01 4.112316985185590231e-66 1.587800036391449925e-12 1.746908277272107152e-02 1.718340472543706254e-01 2.353726409308290513e-62 7.089272695767146196e-14 5.390277457280484054e-04 4.990943308877891435e-03 6.826785997872580743e-61 3.318001959641067025e-14 2.487440396405776744e-04 2.314534519621061926e-03 3.089177242492930323e-61 2.108907802327701998e-14 1.697309280603442752e-04 1.605518332935025258e-03
8.720171716567928520e-68 8.657396453868586619e-13 1.750935429244551700e-02 1.829507018310827793e-01 8.720171716567928520e-68 8.657396453868586619e-13 1.750935429244551700e-02 1.829507018310827793e-01 8.720171716567928520e-68 8.657396453868586619e-13 1.750935429244551700e-02 1.829507018310827793e-01 8.720171716567928520e-68 8.657396453868586619e-13 1.750935429244551700e-02 1.829507018310827793e-01 8.234590232059650851e-68 8.178718487056389304e-13 1.653478770742455514e-02 1.727289307046813438e-01 5.920152189499118301e-64 3.365600439380091506e-14 4.656917649855250776e-04 4.571999428492000764e-03 1.876309147253049185e-62 1.544128448013200553e-14 2.105836399495253646e-04 2.077916071315337714e-03 8.315309940590681511e-63 9.698281449101137987e-15 1.422573062802654355e-04 1.427608878418500397e-03
1.748125509321578076e-69 4.464064190069142666e-13 1.659077453001519750e-02 1.841028263171617108e-01 1.748125509321578076e-69 4.464064190069142666e-13 1.659077453001519750e-02 1.841028263171617108e-01 1.748125509321578076e-69 4.464064190069142666e-13 1.659077453001519750e-02 1.841028263171617108e-01 1.748125509321578076e-69 4.464064190069142666e-13 1.659077453001519750e-02 1.841028263171617108e-01 1.648304927524203214e-69 4.211207899964875606e-13 1.564440693629237308e-02 1.735613060739314428e-01 1.488505239488983935e-65 1.597189664726378040e-14 4.021786926009157442e-04 4.186612445328983904e-03 5.155051968591183895e-64 7.183291574623379394e-15 1.782090923469606186e-04 1.864771515455030748e-03 2.237456715260613199e-64 4.458259606393763454e-15 1.191849878631627883e-04 1.268926865238873686e-03
3.503244498762479701e-71 2.300996067123096226e-13 1.571467894311917579e-02 1.851949552930389209e-01 3.503244498762479701e-71 2.300996067123096226e-13 1.571467894311917579e-02 1.851949552930389209e-01 3.503244498762479701e-71 2.300996067123096226e-13 1.571467894311917579e-02 1.851949552930389209e-01 3.503244498762479701e-71 2.300996067123096226e-13 1.571467894311917579e-02 1.851949552930389209e-01 3.298248998763745714e-71 2.167556579118890978e-13 1.479659956926377903e-02 1.743343916711669606e-01 3.741267719581811389e-67 7.576939066817635500e-15 3.472025655987373473e-04 3.832328427617920103e-03 1.415834733102170005e-65 3.340466668439013709e-15 1.507574090582350184e-04 1.672887853949530518e-03 6.018409622803764612e-66 2.048705772945354270e-15 9.981876651866302135e-05 1.127476791043574263e-03
7.018240316511992297e-73 1.185641401418568944e-13 1.487977616226622557e-02 1.862301028032772032e-01 7.018240316511992297e-73 1.185641401418568944e-13 1.487977616226622557e-02 1.862301028032772032e-01 7.018240316511992297e-73 1.185641401418568944e-13 1.487977616226622557e-02 1.862301028032772032e-01 7.018240316511992297e-73 1.185641401418568944e-13 1.487977616226622557e-02 1.862301028032772032e-01 6.597655279350247365e-73 1.115286005070687635e-13 1.398997009952564208e-02 1.750512757525845842e-01 9.400431058538993392e-69 3.593222546294879653e-15 2.996400157869479183e-04 3.506837962168424423e-03 3.887340476596104328e-67 1.552901839119572966e-15 1.274913399860959471e-04 1.500241736516202441e-03 1.618338561273935765e-67 9.411246028324087845e-16 8.357110405939344319e-05 1.001456126607182381e-03
1.405578194871348139e-74 6.107338126645728622e-14 1.408472632741042049e-02 1.872111637371230985e-01 1.405578194871348139e-74 6.107338126645728622e-14 1.408472632741042049e-02 1.872111637371230985e-01 1.405578194871348139e-74 6.107338126645728622e-14 1.408472632741042049e-02 1.872111637371230985e-01 1.405578194871348139e-74 6.107338126645728622e-14 1.408472632741042049e-02 1.872111637371230985e-01 1.319365363168882513e-74 5.736714089524668372e-14 1.322308515418085632e-02 1.757149174490719723e-01 2.361273617480295839e-70 1.703477842302679478e-15 2.585108337625907507e-04 3.207973183600973648e-03 1.066994315157515357e-68 7.216773934818758421e-16 1.077816783064878723e-04 1.344986403242491753e-03 4.350373659188438889e-69 4.321922520694753318e-16 6.994592130517191832e-05 8.892391180909265790e-04
2.814227603102034646e-76 3.144996897796836479e-14 1.332815624057806340e-02 1.881409143838375653e-01 2.814227603102034646e-76 3.144996897796836479e-14 1.332815624057806340e-02 1.881409143838375653e-01 2.814227603102034646e-76 3.144996897796836479e-14 1.332815624057806340e-02 1.881409143838375653e-01 2.814227603102034646e-76 3.144996897796836479e-14 1.332815624057806340e-02 1.881409143838375653e-01 2.637655083508240013e-76 2.949917157071037534e-14 1.249448797677652455e-02 1.763281478621702703e-01 5.929564973175653068e-72 8.073454013870236935e-16 2.229606385866798933e-04 2.933703867280648518e-03 2.927854886205105963e-70 3.352840432289323343e-16 9.109192603373008409e-05 1.205438981338949637e-03 1.169126988100215324e-70 1.984164103580814265e-16 5.852472900664276262e-05 7.893615209877186036e-04
5.633116538448002395e-78 1.619071787117898745e-14 1.260867250804878839e-02 1.890220135480690788e-01 5.633116538448002395e-78 1.619071787117898745e-14 1.260867250804878839e-02 1.890220135480690788e-01 5.633116538448002395e-78 1.619071787117898745e-14 1.260867250804878839e-02 1.890220135480690788e-01 5.633116538448002395e-78 1.619071787117898745e-14 1.260867250804878839e-02 1.890220135480690788e-01 5.271770177794780869e-78 1.516470873260190434e-14 1.180271096445379038e-02 1.768936724238834857e-01 1.488624522331278674e-73 3.825257749896906204e-16 1.922454596341113841e-04 2.682132683319778197e-03 8.031982601491231791e-72 1.557260514599133371e-16 7.696502784268953142e-05 1.080068181538592102e-03 3.141106111060752697e-72 9.106612824063725953e-17 4.895477972084530269e-05 7.005062550546618978e-04
1.127277702110117779e-79 8.332917709262143037e-15 1.192487288848522592e-02 1.898570043452096623e-01 1.127277702110117779e-79 8.332917709262143037e-15 1.192487288848522592e-02 1.898570043452096623e-01 1.127277702110117779e-79 8.332917709262143037e-15 1.192487288848522592e-02 1.898570043452096623e-01 1.127277702110117779e-79 8.332917709262143037e-15 1.192487288848522592e-02 1.898570043452096623e-01 1.053385406769011722e-79 7.793695649888902752e-15 1.114628636661508902e-02 1.774140732652993158e-01 3.736290619714059863e-75 1.811957050862918182e-16 1.657180641762339899e-04 2.451489915565574582e-03 2.202871012417068267e-73 7.230955332348986990e-17 6.501192068580575664e-05 9.674825323772282167e-04 8.437167161543790907e-74 4.178517662923745665e-17 4.093896658317912389e-05 6.214900338764847753e-04
2.255343103201715266e-81 4.287658548455492591e-15 1.127535602604355994e-02 1.906483165377546307e-01 2.255343103201715266e-81 4.287658548455492591e-15 1.127535602604355994e-02 1.906483165377546307e-01 2.255343103201715266e-81 4.287658548455492591e-15 1.127535602604355994e-02 1.906483165377546307e-01 2.255343103201715266e-81 4.287658548455492591e-15 1.127535602604355994e-02 1.906483165377546307e-01 2.104348842576595009e-81 4.004468981837679437e-15 1.052375535995828636e-02 1.778918116960971629e-01 9.375536100210918599e-77 8.580802856512565745e-17 1.428158603876721533e-04 2.240127786838007687e-03 6.040255597571396326e-75 3.356781383807261155e-17 5.490166749441749482e-05 8.664191957592449686e-04 2.265743087974280068e-75 1.916816971518486265e-17 3.422722457758972929e-05 5.512509536736314754e-04
4.511284795261044344e-83 2.205677294335457729e-15 1.065872971748880668e-02 1.913982689603040688e-01 4.511284795261044344e-83 2.205677294335457729e-15 1.065872971748880668e-02 1.913982689603040688e-01 4.511284795261044344e-83 2.205677294335457729e-15 1.065872971748880668e-02 1.913982689603040688e-01 4.511284795261044344e-83 2.205677294335457729e-15 1.065872971748880668e-02 1.913982689603040688e-01 4.202945350568871168e-83 2.057051271274398024e-15 9.933675783435902407e-03 1.783292321720769402e-01 2.352111627036697409e-78 4.062630299447580828e-17 1.230502169815465634e-04 2.046514515241863643e-03 1.655876289459173582e-76 1.557937121947171570e-17 4.635296955699750579e-05 7.757333931939132139e-04 6.083184942760184603e-77 8.791006393758477763e-18 2.860922145688784844e-05 4.888370168737276710e-04
9.021936329127915869e-85 1.134406199211255769e-15 1.007361790769228070e-02 1.921090725260714560e-01 9.021936329127915869e-85 1.134406199211255769e-15 1.007361790769228070e-02 1.921090725260714560e-01 9.021936329127915869e-85 1.134406199211255769e-15 1.007361790769228070e-02 1.921090725260714560e-01 9.021936329127915869e-85 1.134406199211255769e-15 1.007361790769228070e-02 1.921090725260714560e-01 8.392703033720494700e-85 1.056452919053261311e-15 9.374628514738646973e-03 1.787285653576269617e-01 5.899728877278742187e-80 1.923056987093947392e-17 1.059970549881927458e-04 1.869228256140584993e-03 4.538504154000816398e-78 7.229069356800862248e-18 3.912687717022343768e-05 6.943884789736221507e-04 1.632915374729453955e-78 4.030901616821709551e-18 2.390815413599296256e-05 4.333955711655727849e-04
1.803917712439815803e-86 5.833185982314079057e-16 9.518666527270671848e-03 1.927828332661618571e-01 1.803917712439815803e-86 5.833185982314079057e-16 9.518666527270671848e-03 1.927828332661618571e-01 1.803917712439815803e-86 5.833185982314079057e-16 9.518666527270671848e-03 1.927828332661618571e-01 1.803917712439815803e-86 5.833185982314079057e-16 9.518666527270671848e-03 1.927828332661618571e-01 1.675586986772412826e-86 5.424576039738077083e-16 8.845222783875106992e-03 1.790919321638866912e-01 1.479530888937477838e-81 9.100981151630109634e-18 9.128857420417639166e-05 1.706951003936927561e-03 1.243699396558828891e-79 3.353715252077400468e-18 3.302053767678701720e-05 6.214466551586232072e-04 4.382421997769765020e-80 1.847894533188520353e-18 1.997548968310795727e-05 3.841636178455829376e-04
